0 0 0 0 0 0 0 0 0 0 0 0 0 0 0 0 0 0 0 0 0 0 0 0 0 0 0 0 0 0 
0 0 0 0 0 0 0 0 0 0 0 0 0 0 0 0.002 0.002 0.003 0.004 0.007 0.01 0.011 0.012 0.015 0.018 0.02 0.02 0.024 0.028 0.031 
0 0 0 0 0 0 0.001 0.001 0.001 0.001 0.001 0.001 0.002 0.003 0.004 0.006 0.008 0.009 0.011 0.016 0.021 0.025 0.028 0.032 0.039 0.046 0.05 0.058 0.067 0.078 
0 0 0 0 0 0 0.001 0.002 0.002 0.003 0.003 0.003 0.004 0.005 0.006 0.011 0.014 0.018 0.02 0.026 0.031 0.035 0.04 0.046 0.057 0.069 0.079 0.091 0.107 0.12 
0 0 0 0 0 0 0.001 0.002 0.002 0.003 0.003 0.003 0.005 0.006 0.007 0.013 0.016 0.023 0.027 0.035 0.041 0.048 0.055 0.065 0.08 0.096 0.113 0.132 0.151 0.177 
0 0 0 0 0 0 0.001 0.002 0.002 0.005 0.005 0.005 0.007 0.009 0.01 0.016 0.019 0.028 0.035 0.044 0.053 0.064 0.076 0.093 0.112 0.13 0.152 0.176 0.201 0.234 
0 0 0 0 0 0 0.001 0.002 0.002 0.005 0.005 0.005 0.008 0.012 0.013 0.02 0.024 0.036 0.044 0.056 0.065 0.078 0.094 0.114 0.139 0.16 0.187 0.215 0.246 0.291 
0 0 0 0 0 0 0.001 0.002 0.002 0.006 0.006 0.006 0.012 0.016 0.018 0.026 0.032 0.047 0.055 0.069 0.079 0.095 0.112 0.138 0.169 0.195 0.228 0.263 0.303 0.355 
0 0 0 0 0 0 0.001 0.002 0.002 0.006 0.006 0.007 0.015 0.02 0.023 0.033 0.041 0.058 0.069 0.085 0.096 0.116 0.136 0.164 0.203 0.237 0.276 0.326 0.371 0.428 
0 0 0 0 0 0 0.001 0.004 0.004 0.008 0.009 0.01 0.019 0.024 0.03 0.041 0.052 0.07 0.084 0.105 0.118 0.14 0.166 0.199 0.245 0.284 0.329 0.385 0.436 0.502 
0 0 0.001 0.001 0.001 0.002 0.003 0.006 0.006 0.012 0.014 0.015 0.027 0.032 0.039 0.051 0.064 0.086 0.101 0.125 0.141 0.168 0.202 0.242 0.293 0.338 0.387 0.443 0.503 0.577 
0 0.001 0.002 0.003 0.003 0.004 0.006 0.009 0.009 0.015 0.018 0.022 0.034 0.043 0.051 0.065 0.082 0.105 0.123 0.149 0.169 0.205 0.248 0.29 0.346 0.397 0.451 0.516 0.58 0.651 
0 0.001 0.002 0.004 0.005 0.006 0.009 0.013 0.013 0.021 0.025 0.031 0.043 0.058 0.069 0.09 0.112 0.137 0.157 0.188 0.211 0.251 0.299 0.349 0.408 0.461 0.522 0.596 0.665 0.733 
0 0.001 0.003 0.006 0.007 0.008 0.012 0.018 0.018 0.028 0.032 0.041 0.055 0.074 0.087 0.112 0.137 0.167 0.195 0.226 0.259 0.303 0.354 0.409 0.469 0.528 0.59 0.667 0.734 0.803 
0 0.001 0.003 0.007 0.01 0.012 0.02 0.027 0.029 0.042 0.05 0.06 0.075 0.095 0.113 0.141 0.169 0.201 0.239 0.271 0.306 0.357 0.409 0.472 0.538 0.6 0.666 0.744 0.803 0.868 
0 0.002 0.004 0.009 0.013 0.016 0.027 0.034 0.036 0.051 0.062 0.073 0.093 0.119 0.14 0.173 0.208 0.246 0.289 0.325 0.371 0.425 0.477 0.543 0.605 0.669 0.732 0.798 0.851 0.912 
0 0.005 0.008 0.015 0.02 0.024 0.038 0.046 0.052 0.071 0.084 0.096 0.121 0.153 0.174 0.208 0.248 0.291 0.338 0.381 0.432 0.496 0.549 0.609 0.669 0.732 0.795 0.854 0.897 0.944 
0 0.006 0.012 0.019 0.026 0.031 0.048 0.057 0.066 0.094 0.11 0.13 0.156 0.193 0.219 0.256 0.302 0.345 0.394 0.443 0.496 0.559 0.612 0.675 0.736 0.799 0.851 0.899 0.936 0.965 
0 0.007 0.016 0.023 0.034 0.04 0.06 0.072 0.084 0.116 0.137 0.162 0.191 0.23 0.264 0.31 0.363 0.41 0.459 0.518 0.572 0.64 0.687 0.75 0.808 0.866 0.901 0.938 0.966 0.986 
0 0.01 0.021 0.029 0.041 0.05 0.076 0.091 0.112 0.15 0.176 0.206 0.239 0.282 0.321 0.378 0.441 0.497 0.55 0.606 0.661 0.716 0.766 0.824 0.877 0.921 0.945 0.974 0.987 0.995 
0 0.012 0.024 0.036 0.052 0.063 0.096 0.115 0.139 0.178 0.206 0.241 0.279 0.325 0.371 0.438 0.502 0.558 0.618 0.675 0.734 0.783 0.833 0.88 0.925 0.959 0.973 0.992 0.997 0.999 
0 0.015 0.032 0.045 0.063 0.077 0.116 0.142 0.168 0.21 0.25 0.281 0.322 0.371 0.422 0.493 0.556 0.615 0.674 0.735 0.789 0.836 0.878 0.915 0.954 0.981 0.992 0.999 1 1 
0 0.017 0.037 0.053 0.075 0.093 0.14 0.174 0.209 0.26 0.306 0.344 0.391 0.449 0.498 0.575 0.632 0.69 0.744 0.801 0.851 0.888 0.921 0.947 0.969 0.99 0.997 1 1 1 
0 0.023 0.043 0.06 0.084 0.107 0.16 0.199 0.241 0.296 0.349 0.402 0.454 0.513 0.566 0.646 0.704 0.761 0.805 0.86 0.9 0.926 0.949 0.969 0.981 0.995 1 1 1 1 
0 0.025 0.046 0.067 0.098 0.132 0.191 0.235 0.281 0.34 0.395 0.46 0.516 0.583 0.646 0.721 0.773 0.831 0.881 0.921 0.947 0.964 0.981 0.99 0.995 0.999 1 1 1 1 
0 0.03 0.055 0.077 0.113 0.151 0.217 0.271 0.324 0.385 0.454 0.526 0.593 0.659 0.721 0.792 0.839 0.89 0.929 0.957 0.972 0.983 0.991 0.996 0.997 0.999 1 1 1 1 
0 0.037 0.067 0.093 0.138 0.18 0.252 0.319 0.38 0.443 0.522 0.602 0.674 0.739 0.795 0.853 0.899 0.94 0.972 0.987 0.994 0.997 0.999 1 1 1 1 1 1 1 
0 0.04 0.074 0.106 0.161 0.217 0.295 0.373 0.443 0.512 0.6 0.668 0.75 0.819 0.871 0.918 0.953 0.976 0.988 0.996 0.998 0.998 0.999 1 1 1 1 1 1 1 
0 0.043 0.084 0.127 0.189 0.252 0.335 0.423 0.502 0.576 0.667 0.737 0.809 0.881 0.921 0.957 0.985 0.993 0.996 0.998 1 1 1 1 1 1 1 1 1 1 
