0 0 0 0 0 0 0 0 0 0 0 0 0 0 0 0 0 0 0 0 0 0 0 0 0 0 0 0 0 0 0 0 0 0 0 0 0 0 0 0 0 
0 0 0 0 0 0 0 0 0 0 0 0 0 0 0 0 0 0 0.0001 0.0001 0.0002 0.0003 0.0003 0.0006 0.0006 0.0009 0.0016 0.0025 0.0032 0.0039 0.0058 0.0078 0.0104 0.014 0.0183 0.024 0.0298 0.0381 0.0493 0.0617 0.0747 
0 0 0 0 0 0 0 0 0 0 0 0 0 0 0.0001 0.0001 0.0001 0.0002 0.0005 0.0008 0.0009 0.0015 0.0019 0.0027 0.0033 0.0043 0.0064 0.0091 0.0116 0.0149 0.0193 0.0251 0.0321 0.0394 0.0493 0.0623 0.076 0.0927 0.1139 0.1383 0.1644 
0 0 0 0 0 0 0 0 0 0.0001 0.0001 0.0001 0.0004 0.0006 0.0007 0.0007 0.0012 0.0019 0.0027 0.0033 0.0038 0.0052 0.0061 0.0081 0.0091 0.0117 0.0154 0.0209 0.0261 0.0315 0.0393 0.0495 0.0611 0.0743 0.0905 0.1096 0.1328 0.1592 0.1895 0.2248 0.2627 
0 0 0 0 0 0 0.0001 0.0001 0.0001 0.0003 0.0003 0.0004 0.0007 0.0009 0.001 0.0013 0.0023 0.0033 0.0046 0.0061 0.0066 0.0088 0.0107 0.014 0.0167 0.0213 0.0269 0.0355 0.0428 0.051 0.0638 0.0788 0.095 0.1146 0.1384 0.1645 0.1944 0.2275 0.2673 0.3119 0.36 
0 0 0 0 0 0 0.0002 0.0002 0.0004 0.0006 0.0007 0.0009 0.0012 0.0015 0.0021 0.0027 0.0042 0.0056 0.0078 0.0102 0.012 0.0156 0.019 0.024 0.0285 0.0356 0.0438 0.0557 0.0666 0.0797 0.0965 0.1172 0.1388 0.1636 0.1932 0.2267 0.2653 0.3065 0.3548 0.4067 0.4611 
0 0 0 0 0 0 0.0002 0.0003 0.0005 0.0007 0.0011 0.0015 0.0021 0.0025 0.0037 0.0048 0.0068 0.0092 0.0127 0.0164 0.0199 0.0244 0.0299 0.0374 0.0428 0.0532 0.0643 0.081 0.0961 0.115 0.1367 0.1615 0.1879 0.2182 0.2538 0.292 0.336 0.3846 0.439 0.4985 0.5554 
0 0 0 0 0 0 0.0002 0.0004 0.0007 0.0012 0.0016 0.0023 0.003 0.004 0.0058 0.0076 0.0104 0.0141 0.0186 0.0242 0.0294 0.0357 0.044 0.0538 0.0647 0.0779 0.0932 0.1141 0.1338 0.1574 0.184 0.2148 0.2454 0.2824 0.3239 0.3643 0.4123 0.4647 0.5217 0.5812 0.638 
0 0 0 0 0 0 0.0003 0.0011 0.0014 0.0021 0.003 0.004 0.0051 0.0069 0.0093 0.0116 0.0151 0.0202 0.0263 0.0325 0.0404 0.0497 0.061 0.0735 0.0886 0.1057 0.1253 0.1517 0.1762 0.2051 0.2361 0.2707 0.3062 0.3481 0.3938 0.4381 0.4918 0.5438 0.5994 0.6577 0.7141 
0 0 0 0 0.0001 0.0001 0.0004 0.0014 0.0017 0.0025 0.0037 0.0054 0.0073 0.0099 0.0136 0.0168 0.0223 0.0289 0.0368 0.0454 0.0561 0.068 0.0825 0.1001 0.1193 0.1411 0.1665 0.198 0.2258 0.26 0.2979 0.3384 0.3781 0.4246 0.4717 0.5174 0.5692 0.6219 0.6752 0.7282 0.7797 
0 0 0 0 0.0002 0.0003 0.0009 0.0024 0.003 0.004 0.006 0.0087 0.0117 0.0153 0.0196 0.0243 0.0317 0.0406 0.0507 0.0612 0.0744 0.0897 0.1066 0.1277 0.1512 0.1775 0.2072 0.2418 0.2742 0.3124 0.353 0.3968 0.4413 0.4898 0.5372 0.5853 0.6371 0.6877 0.7366 0.7857 0.8316 
0 0 0 0.0001 0.0004 0.0006 0.0016 0.0035 0.0045 0.006 0.0084 0.0114 0.0149 0.0202 0.0255 0.0316 0.041 0.0508 0.0647 0.0778 0.0953 0.1144 0.1341 0.1606 0.1876 0.2172 0.2506 0.2902 0.3262 0.3658 0.4095 0.4561 0.5013 0.5516 0.5996 0.6463 0.6949 0.7425 0.7879 0.8333 0.8744 
0 0 0.0001 0.0003 0.0009 0.0012 0.0022 0.0045 0.0062 0.0082 0.0114 0.015 0.0204 0.0275 0.0342 0.0418 0.0536 0.0662 0.0828 0.0999 0.1194 0.1413 0.1656 0.1969 0.2295 0.2631 0.2998 0.3435 0.3839 0.4258 0.4716 0.5185 0.5636 0.611 0.6592 0.703 0.7472 0.7897 0.8312 0.8709 0.9067 
0 0 0.0001 0.0003 0.0009 0.0014 0.0025 0.0051 0.0076 0.0102 0.014 0.0192 0.026 0.0341 0.0427 0.0524 0.0658 0.0806 0.1006 0.119 0.1434 0.1693 0.1981 0.2329 0.2701 0.3087 0.3469 0.3944 0.4374 0.4838 0.5298 0.5761 0.6197 0.668 0.7133 0.754 0.7957 0.834 0.8704 0.9039 0.9326 
0 0 0.0003 0.0005 0.0012 0.0018 0.0035 0.0068 0.0096 0.0128 0.0171 0.0232 0.0322 0.043 0.055 0.0676 0.0839 0.1015 0.1245 0.1464 0.1746 0.2038 0.2355 0.2735 0.3147 0.3562 0.3976 0.4485 0.4936 0.5416 0.5875 0.633 0.6754 0.7199 0.7616 0.8001 0.837 0.8696 0.9007 0.9297 0.9537 
0 0 0.0003 0.0006 0.0015 0.0023 0.0044 0.0083 0.0116 0.0161 0.0218 0.0296 0.0409 0.0543 0.0689 0.085 0.1039 0.1251 0.1508 0.1761 0.2079 0.2408 0.2773 0.3191 0.3622 0.4057 0.4503 0.5009 0.5453 0.5943 0.6397 0.6841 0.7248 0.767 0.8047 0.8376 0.8707 0.8998 0.9259 0.9496 0.9693 
0 0 0.0003 0.0006 0.0016 0.0025 0.0052 0.01 0.0139 0.0191 0.0266 0.0371 0.0502 0.0649 0.0815 0.0998 0.1219 0.1466 0.1762 0.2062 0.2434 0.2803 0.3197 0.3644 0.4114 0.4568 0.5024 0.5535 0.5971 0.6453 0.6881 0.7316 0.7693 0.8099 0.8431 0.872 0.9002 0.9236 0.9457 0.9646 0.9792 
0 0 0.0004 0.0007 0.0018 0.003 0.0059 0.0112 0.0157 0.0224 0.0317 0.0446 0.0606 0.0789 0.0979 0.1206 0.147 0.1731 0.207 0.2416 0.2819 0.323 0.3649 0.4122 0.461 0.5079 0.5552 0.605 0.6486 0.6946 0.7343 0.7744 0.8086 0.8455 0.8748 0.9001 0.9226 0.9415 0.9598 0.9756 0.9866 
0 0 0.0005 0.0008 0.002 0.0035 0.0072 0.0132 0.0191 0.0272 0.0384 0.0537 0.0722 0.0935 0.1153 0.1414 0.1718 0.2023 0.2393 0.2786 0.322 0.3658 0.4122 0.4622 0.5126 0.5603 0.6089 0.6571 0.6998 0.743 0.7792 0.8137 0.8439 0.8762 0.9014 0.9231 0.9413 0.956 0.9715 0.9836 0.992 
0 0 0.0006 0.0009 0.0026 0.0046 0.0093 0.0162 0.0238 0.0338 0.0473 0.064 0.0851 0.1108 0.1347 0.1653 0.1985 0.2326 0.2741 0.3174 0.3636 0.4093 0.4579 0.5084 0.5584 0.6065 0.6548 0.7009 0.7411 0.7814 0.8135 0.8449 0.8727 0.9016 0.9251 0.9438 0.9593 0.9703 0.9814 0.9902 0.9953 
0 0 0.0007 0.0013 0.0035 0.0065 0.0128 0.0212 0.0307 0.042 0.0582 0.0777 0.1025 0.1318 0.1582 0.1924 0.2293 0.2672 0.3142 0.3615 0.4105 0.4574 0.5062 0.5558 0.6063 0.6548 0.7001 0.7434 0.7816 0.8176 0.8467 0.8743 0.8978 0.9227 0.9424 0.9573 0.9694 0.9779 0.9867 0.993 0.9967 
0 0 0.0008 0.0017 0.0046 0.0081 0.0159 0.026 0.0377 0.0514 0.07 0.0915 0.1198 0.1521 0.1815 0.2192 0.2609 0.3019 0.3501 0.4012 0.4541 0.5017 0.5506 0.6005 0.6514 0.6972 0.7409 0.7815 0.8157 0.8492 0.8745 0.8981 0.9194 0.9401 0.9562 0.9682 0.9774 0.9841 0.9909 0.9955 0.9983 
0 0 0.0011 0.0021 0.0055 0.0098 0.0194 0.0319 0.045 0.0615 0.0843 0.1089 0.142 0.177 0.2103 0.2521 0.2968 0.342 0.3925 0.4442 0.5003 0.5465 0.5952 0.6442 0.6904 0.7354 0.7752 0.8131 0.843 0.8722 0.8944 0.9172 0.9351 0.9528 0.9657 0.975 0.9828 0.9881 0.9934 0.9971 0.9988 
0 0 0.0012 0.0024 0.0066 0.0124 0.0236 0.038 0.0537 0.0734 0.0991 0.1288 0.1655 0.205 0.2429 0.2884 0.3343 0.3847 0.4385 0.4925 0.5481 0.5932 0.6415 0.6894 0.7331 0.7754 0.8125 0.8454 0.872 0.8965 0.9165 0.9349 0.9494 0.9646 0.9754 0.9828 0.9891 0.9927 0.9962 0.9985 0.9995 
0 0 0.0014 0.0032 0.008 0.0152 0.0288 0.0462 0.0642 0.0876 0.1174 0.1529 0.1927 0.237 0.2783 0.3278 0.3757 0.4293 0.4857 0.54 0.5965 0.6396 0.6861 0.731 0.771 0.8086 0.8427 0.8725 0.8954 0.9158 0.9325 0.9478 0.9597 0.9732 0.9817 0.9875 0.9919 0.995 0.9977 0.9991 0.9998 
0 0 0.0015 0.0042 0.0098 0.0184 0.0343 0.0548 0.0763 0.1027 0.1367 0.175 0.2191 0.2658 0.3105 0.3637 0.4136 0.469 0.5263 0.5817 0.6366 0.679 0.723 0.7646 0.8017 0.8367 0.8668 0.8936 0.9143 0.932 0.9474 0.9594 0.9692 0.9785 0.9861 0.9907 0.9942 0.997 0.9987 0.9995 0.9999 
0 0 0.0019 0.0051 0.0118 0.0215 0.0392 0.0627 0.0886 0.1187 0.1575 0.2008 0.2487 0.2983 0.3496 0.4059 0.4587 0.5149 0.5715 0.6234 0.6757 0.7171 0.7589 0.7975 0.831 0.8637 0.8901 0.9137 0.9319 0.947 0.9592 0.9683 0.9766 0.9837 0.9894 0.9933 0.9959 0.9982 0.9991 0.9997 1 
0 0 0.0019 0.0057 0.0135 0.0264 0.0458 0.0721 0.1021 0.1381 0.1808 0.2291 0.2812 0.336 0.3887 0.4477 0.5037 0.5588 0.6157 0.6678 0.72 0.7597 0.7989 0.8333 0.8633 0.8907 0.9121 0.9324 0.9477 0.9608 0.9707 0.9773 0.9833 0.9887 0.9928 0.9951 0.997 0.9987 0.9995 0.9999 1 
0 0 0.0021 0.0065 0.0158 0.0309 0.0529 0.0824 0.1166 0.1571 0.2041 0.2585 0.3131 0.3701 0.4272 0.4886 0.5468 0.6017 0.6574 0.7094 0.7594 0.7958 0.8315 0.8612 0.8881 0.9121 0.9295 0.9468 0.9595 0.97 0.9776 0.982 0.9871 0.9916 0.9947 0.9963 0.998 0.9993 0.9996 1 1 
0 0 0.0025 0.0078 0.0189 0.0362 0.0631 0.095 0.1327 0.179 0.2311 0.2899 0.3482 0.4078 0.4671 0.5296 0.5895 0.6428 0.6974 0.7473 0.7946 0.8294 0.8616 0.8884 0.912 0.9327 0.9467 0.9607 0.9701 0.978 0.9835 0.9868 0.9909 0.9941 0.9962 0.9974 0.9985 0.9997 0.9999 1 1 
0 0 0.0029 0.0098 0.0223 0.0425 0.072 0.1076 0.1495 0.1991 0.2556 0.3197 0.3821 0.4444 0.5066 0.5693 0.6291 0.6826 0.7364 0.784 0.8263 0.856 0.8851 0.9091 0.9296 0.9462 0.9579 0.9687 0.9768 0.9837 0.9884 0.9909 0.9933 0.9961 0.9976 0.9984 0.999 0.9998 0.9999 1 1 
0 0 0.0036 0.0112 0.0265 0.0493 0.0843 0.1237 0.1707 0.224 0.2852 0.3543 0.4203 0.4832 0.5452 0.6096 0.6693 0.7205 0.7703 0.8156 0.8517 0.8787 0.9053 0.9258 0.9436 0.958 0.9666 0.9759 0.9825 0.9875 0.9913 0.9929 0.9949 0.9969 0.9979 0.9988 0.9993 0.9998 0.9999 1 1 
0 0 0.0042 0.0132 0.0306 0.0574 0.0968 0.1436 0.1961 0.2547 0.3195 0.392 0.4617 0.5257 0.5902 0.6517 0.708 0.7571 0.8029 0.8434 0.8768 0.9004 0.923 0.9401 0.9552 0.9671 0.9739 0.9813 0.9865 0.9905 0.9941 0.9955 0.997 0.9983 0.9991 0.9995 0.9998 1 1 1 1 
0 0 0.0053 0.0167 0.0365 0.0678 0.1127 0.1647 0.2219 0.286 0.3554 0.4282 0.5015 0.5677 0.6308 0.6914 0.746 0.7936 0.8358 0.8724 0.9012 0.9211 0.9413 0.9547 0.9671 0.9762 0.9816 0.9867 0.9905 0.993 0.9955 0.9964 0.9975 0.9986 0.9994 0.9996 0.9998 1 1 1 1 
0 0 0.0057 0.0183 0.0412 0.0783 0.1296 0.1856 0.2482 0.3172 0.3902 0.466 0.541 0.6071 0.6707 0.7297 0.7812 0.8265 0.8649 0.8979 0.9219 0.9392 0.9553 0.9663 0.9757 0.9829 0.9868 0.9902 0.9929 0.9945 0.9966 0.9974 0.9981 0.9989 0.9995 0.9997 0.9999 1 1 1 1 
0 0 0.0064 0.02 0.0461 0.0884 0.146 0.2075 0.2758 0.3522 0.427 0.504 0.5797 0.6465 0.7083 0.7638 0.8125 0.855 0.8893 0.9168 0.9381 0.9532 0.9661 0.9748 0.9822 0.9883 0.9918 0.9941 0.9955 0.9965 0.9974 0.998 0.9985 0.9992 0.9995 0.9997 0.9999 1 1 1 1 
0 0 0.0071 0.0229 0.0522 0.0996 0.1628 0.2312 0.3046 0.3847 0.4617 0.5422 0.6182 0.6834 0.7443 0.7972 0.8439 0.8835 0.9135 0.9373 0.9541 0.9662 0.9761 0.9822 0.9879 0.9922 0.9944 0.9965 0.9974 0.9981 0.9987 0.999 0.9993 0.9997 0.9998 0.9999 1 1 1 1 1 
0 0 0.0089 0.0269 0.059 0.112 0.1803 0.2552 0.3355 0.4214 0.5035 0.5863 0.659 0.7232 0.7808 0.8301 0.8711 0.9057 0.9311 0.9512 0.9645 0.9749 0.9826 0.9874 0.9917 0.995 0.997 0.9982 0.9988 0.999 0.9992 0.9994 0.9997 0.9998 0.9999 1 1 1 1 1 1 
0 0 0.01 0.0306 0.0674 0.1264 0.2024 0.284 0.3692 0.4606 0.5449 0.6286 0.6994 0.7602 0.8153 0.8606 0.8961 0.9247 0.9482 0.9645 0.9745 0.9828 0.9884 0.9922 0.9951 0.9969 0.9983 0.9992 0.9995 0.9996 0.9997 0.9997 0.9998 0.9999 0.9999 1 1 1 1 1 1 
0 0 0.0117 0.0355 0.0775 0.1434 0.2281 0.3158 0.4075 0.5017 0.5881 0.6704 0.74 0.7969 0.8479 0.8879 0.9188 0.943 0.9615 0.9742 0.9822 0.9884 0.9924 0.9951 0.9972 0.9981 0.9991 0.9995 0.9998 0.9999 0.9999 0.9999 1 1 1 1 1 1 1 1 1 
0 0 0.0136 0.0417 0.0897 0.1626 0.2547 0.3474 0.4457 0.5436 0.6301 0.7103 0.7762 0.8292 0.8755 0.9104 0.9359 0.9559 0.9718 0.9818 0.9884 0.9929 0.9959 0.9975 0.9988 0.9992 0.9998 0.9999 1 1 1 1 1 1 1 1 1 1 1 1 1 
