0 0 0 0 0 0 0 0 0 0.0002 0.0002 0.0008 0.0008 0.0012 0.0026 0.0044 0.0086 0.0138 0.0196 0.0304 0.043 0.0584 0.0764 0.0978 0.127 0.1628 0.2118 0.2654 0.3266 0.3888 0.4664 0.5506 0.6346 0.7194 0.8012 0.8782 0.9508 1 
0 0 0 0 0 0 0 0 0 0.0002 0.0002 0.0008 0.0008 0.0012 0.0026 0.0044 0.0086 0.0138 0.0198 0.0308 0.044 0.0604 0.0786 0.1006 0.1304 0.1678 0.2172 0.2728 0.3344 0.3974 0.4756 0.5616 0.6458 0.7298 0.8104 0.8842 0.954 1 
0 0 0 0 0 0 0 0 0 0.0002 0.0002 0.0008 0.0008 0.0012 0.0026 0.0044 0.0086 0.0138 0.0198 0.0308 0.0442 0.061 0.0796 0.1028 0.133 0.1714 0.2214 0.2776 0.3394 0.404 0.484 0.5708 0.6536 0.7374 0.8182 0.8884 0.9562 1 
0 0 0 0 0 0 0 0 0 0.0002 0.0002 0.001 0.001 0.0016 0.003 0.0048 0.009 0.0142 0.0206 0.0316 0.0452 0.0628 0.082 0.1056 0.1362 0.176 0.226 0.2832 0.3454 0.413 0.495 0.582 0.6648 0.748 0.8272 0.8944 0.9586 1 
0 0.0002 0.0002 0.0002 0.0002 0.0002 0.0002 0.0002 0.0002 0.0004 0.0006 0.0014 0.0016 0.0022 0.0036 0.0054 0.0098 0.015 0.0214 0.0324 0.046 0.0646 0.0844 0.1092 0.141 0.1816 0.2334 0.2928 0.3566 0.426 0.5102 0.5974 0.68 0.7612 0.8372 0.9008 0.9608 1 
0 0.0004 0.0004 0.0004 0.0004 0.0004 0.0004 0.0004 0.0006 0.0008 0.0016 0.0024 0.0032 0.0038 0.0052 0.0074 0.012 0.0174 0.0238 0.036 0.0506 0.0698 0.0904 0.1156 0.1486 0.1912 0.2432 0.3038 0.37 0.4412 0.5256 0.6134 0.6958 0.7752 0.8488 0.909 0.9656 1 
0 0.0004 0.0004 0.0004 0.0006 0.0006 0.0006 0.0006 0.0014 0.0022 0.0034 0.0042 0.005 0.006 0.0076 0.0102 0.0156 0.022 0.029 0.0424 0.0588 0.0792 0.1018 0.1278 0.162 0.2052 0.2582 0.3202 0.3884 0.4602 0.5456 0.6332 0.7138 0.793 0.8628 0.919 0.9704 1 
0 0.001 0.001 0.0012 0.0014 0.0018 0.0018 0.002 0.003 0.0044 0.0064 0.0078 0.0092 0.011 0.0132 0.0162 0.0228 0.0302 0.0394 0.0542 0.0724 0.094 0.1192 0.1476 0.1838 0.2296 0.2848 0.349 0.4162 0.4892 0.5744 0.6612 0.7402 0.8158 0.8802 0.9322 0.9758 1 
0 0.0014 0.0014 0.0016 0.0026 0.0032 0.0032 0.0038 0.0052 0.0068 0.0098 0.0116 0.0134 0.0154 0.0186 0.0228 0.0314 0.04 0.0512 0.0672 0.0876 0.1106 0.137 0.1668 0.2056 0.2534 0.3122 0.3798 0.4484 0.5212 0.6062 0.691 0.768 0.8408 0.8986 0.9426 0.98 1 
0 0.002 0.0022 0.0028 0.0044 0.0064 0.0064 0.0076 0.0096 0.0116 0.0148 0.0176 0.0198 0.0228 0.0272 0.0322 0.0426 0.053 0.0668 0.0838 0.1068 0.1322 0.1604 0.1922 0.234 0.2854 0.3472 0.415 0.4862 0.5594 0.641 0.7258 0.7988 0.8654 0.919 0.9574 0.9868 1 
0 0.0022 0.0026 0.0044 0.0064 0.0094 0.0102 0.0122 0.0152 0.0182 0.0226 0.0272 0.031 0.0352 0.0414 0.0478 0.0608 0.075 0.0918 0.1112 0.1372 0.165 0.1968 0.2326 0.2778 0.3332 0.3948 0.4634 0.5366 0.6076 0.687 0.767 0.8354 0.894 0.94 0.9688 0.9908 1 
0 0.0026 0.0038 0.0066 0.0102 0.0146 0.0166 0.021 0.0256 0.0296 0.0364 0.0432 0.0484 0.0542 0.0624 0.0728 0.0888 0.1056 0.1252 0.1462 0.1754 0.2082 0.2452 0.2852 0.3348 0.3926 0.4538 0.5244 0.5978 0.665 0.7392 0.8134 0.8734 0.9208 0.959 0.981 0.9954 1 
0 0.0034 0.0052 0.0084 0.0128 0.0188 0.0218 0.0278 0.0334 0.0396 0.0482 0.0566 0.0648 0.0722 0.085 0.0982 0.1178 0.1386 0.163 0.189 0.2232 0.2622 0.3042 0.3488 0.4016 0.4622 0.5236 0.5924 0.6612 0.727 0.795 0.8572 0.9068 0.9466 0.9726 0.9882 0.9972 1 
0 0.0048 0.0078 0.0138 0.0194 0.0276 0.0318 0.0402 0.0484 0.0564 0.0686 0.081 0.092 0.1026 0.1214 0.1394 0.1638 0.1896 0.2198 0.2506 0.2874 0.3298 0.3748 0.4248 0.481 0.5434 0.6054 0.6716 0.7332 0.791 0.8494 0.9004 0.9394 0.9694 0.9876 0.9956 0.9988 1 
0 0.006 0.0108 0.0184 0.0274 0.0382 0.0448 0.0546 0.0656 0.0776 0.0938 0.1106 0.1278 0.1438 0.1654 0.1896 0.2182 0.248 0.2826 0.3194 0.3612 0.407 0.4542 0.5098 0.5682 0.6322 0.6914 0.7512 0.8058 0.855 0.9014 0.938 0.9656 0.9844 0.9928 0.9982 0.9994 1 
0 0.0076 0.014 0.0234 0.0352 0.0488 0.0588 0.0724 0.0872 0.1038 0.1252 0.1478 0.171 0.1914 0.2216 0.2514 0.2852 0.3204 0.3638 0.4054 0.4536 0.501 0.5494 0.6072 0.664 0.7212 0.7718 0.8252 0.8712 0.9078 0.9426 0.968 0.984 0.9932 0.9966 0.9996 0.9998 1 
0 0.0098 0.019 0.032 0.0466 0.0634 0.0786 0.0968 0.1154 0.1386 0.1658 0.1968 0.2278 0.2546 0.293 0.328 0.3672 0.4084 0.4556 0.5022 0.5518 0.603 0.6478 0.7052 0.7586 0.8072 0.8482 0.8904 0.9222 0.9496 0.9706 0.9854 0.993 0.9976 0.999 1 1 1 
0 0.0128 0.0272 0.0442 0.0636 0.0846 0.1042 0.1296 0.1544 0.1836 0.2202 0.258 0.2944 0.327 0.371 0.413 0.4576 0.5034 0.5586 0.6104 0.6606 0.7106 0.7542 0.8034 0.8464 0.8838 0.9136 0.9436 0.9636 0.9798 0.9892 0.9962 0.9976 0.9996 0.9998 1 1 1 
0 0.0178 0.036 0.0586 0.0816 0.1078 0.1348 0.1686 0.201 0.2376 0.2812 0.3284 0.3738 0.4124 0.4622 0.51 0.5602 0.6072 0.6626 0.7136 0.7634 0.8078 0.8448 0.8816 0.914 0.939 0.9586 0.9754 0.987 0.994 0.9972 0.9994 0.9998 1 1 1 1 1 
0 0.0234 0.0476 0.0762 0.1062 0.1396 0.1714 0.2138 0.2538 0.2992 0.3536 0.4072 0.4594 0.5066 0.5612 0.6118 0.666 0.7116 0.7646 0.8118 0.855 0.8922 0.9202 0.9438 0.9654 0.98 0.9888 0.994 0.9976 0.9992 0.9998 1 1 1 1 1 1 1 
0 0.0294 0.0602 0.0954 0.1324 0.1752 0.2152 0.2668 0.3176 0.3728 0.4362 0.4944 0.5536 0.6078 0.6668 0.7186 0.7692 0.8128 0.8588 0.8962 0.9278 0.9514 0.9698 0.981 0.9896 0.9946 0.9974 0.999 0.9996 1 1 1 1 1 1 1 1 1 
