0 0 0 0 0 0 0 0 0 0 0.0004 0.0004 0.001 0.0012 0.0024 0.0034 0.0042 0.0058 0.0088 0.012 0.017 0.023 0.0312 0.0452 0.06 0.079 0.1034 0.131 0.1634 0.2082 0.2562 0.314 0.3808 0.4558 0.5396 0.6246 0.7086 0.792 0.86 0.9126 0.9536 0.9808 0.9954 1 1 1 
0 0 0 0 0 0 0 0 0 0 0.0006 0.0006 0.0014 0.0018 0.0032 0.0048 0.0062 0.0082 0.0116 0.0148 0.0208 0.028 0.037 0.052 0.0688 0.0904 0.116 0.1454 0.1806 0.2268 0.2772 0.3368 0.4048 0.4822 0.5656 0.648 0.7304 0.809 0.8726 0.9208 0.9582 0.9836 0.996 1 1 1 
0 0 0 0 0 0 0 0 0 0 0.0006 0.0006 0.0014 0.0018 0.0032 0.005 0.0066 0.0086 0.0124 0.0168 0.0232 0.0322 0.0424 0.0588 0.0782 0.1012 0.1278 0.1598 0.197 0.2468 0.2998 0.36 0.428 0.5056 0.5878 0.669 0.7498 0.8236 0.883 0.9284 0.9628 0.9858 0.9966 1 1 1 
0 0 0 0 0 0 0 0 0 0.0002 0.0008 0.001 0.0018 0.0026 0.004 0.0062 0.0086 0.0112 0.016 0.0212 0.0288 0.0394 0.0508 0.0686 0.0894 0.114 0.1418 0.1752 0.2148 0.2672 0.322 0.3838 0.4522 0.532 0.6134 0.691 0.7688 0.8396 0.8954 0.9382 0.9684 0.9876 0.997 1 1 1 
0 0 0 0.0002 0.0004 0.0004 0.0004 0.0004 0.0004 0.0006 0.0014 0.0018 0.0028 0.0054 0.0078 0.0102 0.0134 0.0166 0.0214 0.0282 0.037 0.049 0.0622 0.0814 0.1048 0.1318 0.1622 0.1986 0.2398 0.2946 0.3514 0.4148 0.4842 0.5668 0.6438 0.72 0.7906 0.8572 0.9078 0.9466 0.9744 0.9896 0.9972 1 1 1 
0 0 0 0.0002 0.0004 0.0004 0.0008 0.0008 0.0008 0.0012 0.002 0.003 0.0044 0.0074 0.0102 0.0126 0.0166 0.0206 0.026 0.0344 0.0444 0.0588 0.0744 0.0952 0.121 0.15 0.182 0.2202 0.2638 0.3212 0.38 0.4436 0.5156 0.598 0.6728 0.7458 0.8126 0.8746 0.9202 0.9538 0.9786 0.9918 0.9976 1 1 1 
0 0 0 0.0002 0.0006 0.001 0.0014 0.002 0.0024 0.0034 0.0048 0.0066 0.0086 0.012 0.0156 0.0192 0.0242 0.0304 0.0374 0.0476 0.0596 0.0756 0.0946 0.12 0.149 0.1812 0.2138 0.2554 0.3012 0.3602 0.419 0.4842 0.5562 0.6384 0.7118 0.7794 0.8396 0.8958 0.9356 0.9638 0.9832 0.9932 0.9982 1 1 1 
0 0 0 0.0004 0.001 0.0018 0.003 0.0042 0.006 0.0076 0.0104 0.0128 0.0168 0.0218 0.027 0.0322 0.0394 0.0474 0.0578 0.0692 0.0836 0.1028 0.1248 0.1528 0.1844 0.2216 0.2564 0.3014 0.3496 0.4102 0.4682 0.534 0.6074 0.686 0.7558 0.818 0.8736 0.9222 0.954 0.976 0.99 0.9962 0.999 1 1 1 
0 0 0.0002 0.0006 0.0016 0.0032 0.0048 0.0068 0.0098 0.0126 0.0182 0.024 0.0304 0.037 0.0442 0.0518 0.0612 0.0722 0.0864 0.1024 0.12 0.1432 0.1702 0.204 0.2398 0.282 0.3218 0.3708 0.4274 0.4878 0.5482 0.6098 0.6762 0.7508 0.8134 0.8666 0.9132 0.9482 0.9704 0.9852 0.9942 0.9986 0.9998 1 1 1 
0 0 0.0006 0.0014 0.0024 0.0046 0.0088 0.012 0.0168 0.0214 0.0294 0.0388 0.0484 0.0592 0.0696 0.0808 0.097 0.1122 0.1336 0.1566 0.1794 0.2068 0.2396 0.2772 0.3178 0.3668 0.411 0.4622 0.5224 0.5822 0.6464 0.7028 0.7614 0.8228 0.8694 0.9106 0.9454 0.9686 0.9836 0.992 0.9974 0.9996 0.9998 1 1 1 
0 0 0.001 0.0026 0.0044 0.0074 0.0144 0.0202 0.0286 0.0368 0.0502 0.065 0.0782 0.0942 0.1086 0.1248 0.1464 0.167 0.196 0.2264 0.2552 0.2914 0.3308 0.3734 0.418 0.4722 0.5198 0.5702 0.63 0.6862 0.7474 0.7954 0.8436 0.893 0.9264 0.951 0.972 0.9854 0.993 0.997 0.9994 1 1 1 1 1 
0 0 0.0016 0.0032 0.0058 0.0106 0.021 0.0302 0.0432 0.0568 0.0766 0.0956 0.1156 0.1388 0.16 0.184 0.2134 0.242 0.2794 0.32 0.3596 0.4022 0.4484 0.4948 0.5444 0.6002 0.6502 0.7002 0.7518 0.7984 0.847 0.884 0.9206 0.95 0.9684 0.9812 0.9908 0.9948 0.9976 0.999 1 1 1 1 1 1 
0 0 0.0022 0.0048 0.0096 0.0162 0.0314 0.0472 0.0668 0.0888 0.1144 0.1428 0.1728 0.2036 0.2368 0.2714 0.3104 0.353 0.3994 0.451 0.5014 0.5552 0.6056 0.6538 0.7032 0.7572 0.8034 0.8414 0.88 0.9106 0.942 0.9614 0.9764 0.9874 0.9936 0.997 0.9994 0.9996 1 1 1 1 1 1 1 1 
