0 0 0 0 0 0 0 0 0 0 0 0 0 0 0 0 0 0 0 0 0 0 0 0 0 0 0 0 0 0 0 0 0 0 0 0 0 0 0 0 0 
0 0 0 0 0 0 0 0 0 0 0 0 0 0 0 0 0 0 0.0002 0.0002 0.0004 0.0004 0.0004 0.0006 0.0006 0.0008 0.0014 0.0028 0.0034 0.0042 0.006 0.008 0.01 0.0132 0.018 0.0236 0.0284 0.0384 0.0488 0.0594 0.0712 
0 0 0 0 0 0 0 0 0 0 0 0 0 0 0 0 0 0 0.0004 0.001 0.0012 0.0018 0.0022 0.0028 0.0034 0.0044 0.006 0.0084 0.0104 0.013 0.018 0.023 0.0296 0.0364 0.0472 0.0618 0.0734 0.0924 0.112 0.1334 0.1584 
0 0 0 0 0 0 0 0 0 0 0 0 0.0006 0.001 0.001 0.001 0.0018 0.0018 0.0028 0.0036 0.004 0.005 0.0056 0.0068 0.008 0.011 0.0138 0.0194 0.0248 0.0294 0.0376 0.0482 0.0594 0.0722 0.0888 0.1074 0.129 0.157 0.187 0.2208 0.2584 
0 0 0 0 0 0 0.0002 0.0002 0.0002 0.0004 0.0004 0.0004 0.001 0.0014 0.0014 0.0016 0.0032 0.0038 0.0052 0.007 0.0074 0.0092 0.0112 0.0136 0.0164 0.022 0.026 0.0346 0.0432 0.0506 0.0642 0.0786 0.0948 0.1144 0.1378 0.1632 0.1922 0.227 0.266 0.3084 0.3564 
0 0 0 0 0 0 0.0002 0.0002 0.0004 0.0006 0.0008 0.0008 0.0014 0.002 0.0026 0.0034 0.0054 0.0062 0.0088 0.0118 0.0134 0.0166 0.0194 0.0238 0.029 0.0366 0.044 0.0558 0.0684 0.081 0.099 0.1184 0.1386 0.1662 0.196 0.2288 0.2666 0.3122 0.3602 0.4092 0.4636 
0 0 0 0 0 0 0.0002 0.0002 0.0004 0.0006 0.001 0.0012 0.0022 0.003 0.0042 0.0056 0.0084 0.01 0.014 0.0186 0.022 0.0268 0.0326 0.0398 0.0458 0.056 0.0654 0.0824 0.099 0.1174 0.1394 0.1612 0.1862 0.2188 0.2554 0.2916 0.3358 0.3872 0.4438 0.5016 0.5568 
0 0 0 0 0 0 0.0002 0.0002 0.0004 0.001 0.0014 0.0018 0.0028 0.0042 0.0058 0.0078 0.0112 0.0142 0.019 0.0252 0.0298 0.036 0.044 0.0536 0.0642 0.0758 0.0894 0.1096 0.1316 0.1556 0.1826 0.2106 0.2408 0.2796 0.3232 0.3614 0.4086 0.4628 0.5212 0.5806 0.6364 
0 0 0 0 0 0 0.0004 0.0014 0.0016 0.0024 0.0036 0.0044 0.0058 0.008 0.0106 0.0134 0.0174 0.021 0.0272 0.0338 0.0406 0.0488 0.0598 0.0726 0.088 0.1034 0.1214 0.1486 0.1748 0.2032 0.2328 0.2646 0.2998 0.343 0.3912 0.4342 0.4878 0.5412 0.5966 0.6576 0.715 
0 0 0 0 0 0 0.0004 0.0016 0.0018 0.0026 0.004 0.0054 0.0076 0.0112 0.0148 0.018 0.0234 0.0282 0.0368 0.0456 0.0556 0.0662 0.0808 0.0986 0.1182 0.138 0.1628 0.194 0.2226 0.258 0.2962 0.3354 0.3744 0.4214 0.4704 0.5166 0.5682 0.6234 0.6752 0.7304 0.783 
0 0 0 0 0.0002 0.0002 0.0008 0.003 0.0036 0.0046 0.0068 0.0088 0.0122 0.0168 0.0208 0.0252 0.0328 0.0402 0.0514 0.062 0.0742 0.088 0.105 0.1258 0.149 0.1716 0.1978 0.2342 0.268 0.308 0.35 0.3934 0.437 0.4868 0.5358 0.5846 0.6358 0.6892 0.7372 0.7892 0.836 
0 0 0 0 0.0004 0.0004 0.0014 0.0042 0.0052 0.0068 0.0094 0.0118 0.0164 0.022 0.0268 0.0328 0.042 0.0504 0.0646 0.078 0.0942 0.111 0.1298 0.1548 0.181 0.2062 0.2362 0.2766 0.3146 0.3558 0.4016 0.448 0.4936 0.5464 0.5958 0.6422 0.691 0.7406 0.786 0.8348 0.878 
0 0 0.0002 0.0004 0.001 0.0014 0.0024 0.0054 0.0076 0.01 0.0134 0.0164 0.0232 0.0304 0.0366 0.0444 0.0556 0.0668 0.0836 0.1016 0.1188 0.1388 0.1628 0.1936 0.226 0.2562 0.2898 0.333 0.3734 0.4178 0.465 0.5096 0.5544 0.6042 0.652 0.6968 0.7418 0.7876 0.8282 0.8712 0.9078 
0 0 0.0002 0.0004 0.001 0.0014 0.0024 0.0058 0.0088 0.0118 0.016 0.0206 0.0296 0.0382 0.0466 0.0556 0.068 0.0826 0.1038 0.123 0.145 0.1678 0.1958 0.2284 0.2652 0.3012 0.3362 0.3828 0.4248 0.4714 0.5182 0.5666 0.6104 0.6608 0.7046 0.7462 0.7888 0.8304 0.8668 0.9022 0.9308 
0 0 0.0004 0.0006 0.0012 0.0016 0.0036 0.008 0.0114 0.0148 0.019 0.0252 0.0364 0.0476 0.06 0.0726 0.088 0.1062 0.1294 0.1512 0.176 0.2042 0.2362 0.2706 0.3114 0.3494 0.3864 0.4364 0.4812 0.5288 0.5764 0.6248 0.6678 0.7136 0.7534 0.7936 0.8318 0.8666 0.899 0.9286 0.9526 
0 0 0.0004 0.0006 0.0014 0.0022 0.0046 0.01 0.014 0.019 0.0246 0.0322 0.045 0.0596 0.0756 0.091 0.1076 0.13 0.156 0.18 0.209 0.2412 0.2776 0.3148 0.3576 0.3966 0.4382 0.4896 0.5348 0.584 0.6306 0.678 0.7194 0.7638 0.8 0.8336 0.8682 0.8984 0.926 0.9496 0.9688 
0 0 0.0004 0.0006 0.0014 0.0024 0.0054 0.012 0.0166 0.0226 0.0304 0.0406 0.0556 0.0708 0.0892 0.1068 0.127 0.1522 0.181 0.2098 0.2444 0.2808 0.321 0.3626 0.4102 0.452 0.4948 0.5476 0.5916 0.6392 0.6816 0.7264 0.7646 0.8064 0.839 0.8688 0.8976 0.9224 0.9466 0.9656 0.9794 
0 0 0.0006 0.0008 0.0018 0.003 0.006 0.0132 0.018 0.0248 0.0346 0.0472 0.0648 0.0848 0.106 0.1292 0.154 0.1806 0.2138 0.2478 0.2868 0.327 0.3688 0.4128 0.4626 0.506 0.5494 0.6004 0.6454 0.691 0.731 0.7706 0.8038 0.842 0.8704 0.897 0.9202 0.9398 0.96 0.977 0.9866 
0 0 0.0008 0.001 0.0022 0.0036 0.0076 0.0156 0.021 0.0294 0.0404 0.0554 0.0746 0.0974 0.1216 0.1478 0.1768 0.2082 0.243 0.2806 0.324 0.3674 0.4152 0.4622 0.515 0.5598 0.604 0.6518 0.6978 0.7414 0.7796 0.814 0.8442 0.8758 0.8992 0.922 0.9416 0.9574 0.9734 0.986 0.9928 
0 0 0.001 0.0012 0.0032 0.0054 0.0106 0.0194 0.0264 0.0372 0.0504 0.0658 0.087 0.114 0.1402 0.1692 0.2024 0.2392 0.278 0.3202 0.365 0.4102 0.4614 0.508 0.5622 0.6072 0.6512 0.6978 0.7402 0.78 0.8134 0.8452 0.8748 0.9024 0.925 0.944 0.9602 0.9718 0.9838 0.9924 0.9962 
0 0 0.001 0.0016 0.004 0.007 0.0136 0.024 0.0332 0.046 0.0624 0.0796 0.1032 0.133 0.1622 0.1948 0.2306 0.2716 0.3158 0.3614 0.4096 0.4562 0.5068 0.5538 0.6076 0.6538 0.696 0.74 0.7804 0.8176 0.847 0.875 0.9 0.9232 0.9422 0.9574 0.97 0.9798 0.9894 0.9948 0.9974 
0 0 0.001 0.0018 0.005 0.0084 0.0168 0.0292 0.0404 0.0564 0.075 0.094 0.1208 0.1538 0.1872 0.224 0.265 0.3084 0.354 0.4026 0.4554 0.5032 0.5524 0.599 0.652 0.697 0.7386 0.7792 0.8154 0.8504 0.8746 0.8978 0.9204 0.9402 0.9564 0.9684 0.9784 0.9854 0.9934 0.997 0.9986 
0 0 0.0012 0.0022 0.0058 0.0106 0.021 0.0364 0.049 0.0676 0.0886 0.1102 0.142 0.177 0.2148 0.2554 0.3012 0.3478 0.3976 0.4482 0.5044 0.549 0.5984 0.6444 0.6936 0.7382 0.7774 0.8152 0.8438 0.8742 0.8948 0.9176 0.9358 0.9534 0.9658 0.9744 0.9822 0.9884 0.9948 0.998 0.999 
0 0 0.0012 0.0026 0.007 0.013 0.0248 0.043 0.0584 0.0794 0.1034 0.1294 0.1646 0.2042 0.247 0.291 0.3384 0.3904 0.4428 0.4964 0.5532 0.5972 0.6472 0.692 0.7382 0.7812 0.8178 0.8502 0.874 0.8996 0.9174 0.9356 0.949 0.9636 0.974 0.9814 0.9876 0.9916 0.9962 0.9986 0.9994 
0 0 0.0016 0.0034 0.009 0.0162 0.031 0.052 0.0696 0.0942 0.1234 0.1554 0.1928 0.2368 0.283 0.3332 0.3832 0.4378 0.4918 0.5454 0.602 0.6434 0.6904 0.7338 0.7756 0.8138 0.8464 0.874 0.8954 0.9168 0.932 0.947 0.958 0.9716 0.9806 0.9862 0.9912 0.9948 0.9978 0.9992 0.9998 
0 0 0.0016 0.0048 0.0116 0.0204 0.0372 0.0616 0.0818 0.1084 0.1414 0.1758 0.2178 0.264 0.3128 0.3676 0.419 0.4752 0.531 0.5864 0.6416 0.6838 0.7294 0.7692 0.808 0.8442 0.8726 0.8968 0.9152 0.934 0.9482 0.9586 0.968 0.9762 0.9842 0.9888 0.993 0.9966 0.9984 0.9996 1 
0 0 0.0022 0.0058 0.0144 0.0242 0.0428 0.0698 0.0944 0.1244 0.162 0.202 0.2466 0.2964 0.3518 0.4106 0.465 0.5238 0.5786 0.6298 0.6816 0.7234 0.7658 0.8016 0.8356 0.8696 0.8946 0.9154 0.9318 0.9466 0.9584 0.9666 0.9752 0.982 0.988 0.992 0.9948 0.998 0.999 0.9998 1 
0 0 0.0022 0.0066 0.0164 0.0284 0.048 0.0778 0.1068 0.1422 0.1848 0.2298 0.2784 0.3346 0.3898 0.4516 0.5098 0.5666 0.6228 0.6724 0.7244 0.7634 0.803 0.8356 0.8664 0.8948 0.915 0.9334 0.9478 0.9616 0.9714 0.9764 0.9822 0.9866 0.9916 0.9942 0.9968 0.9988 0.9996 1 1 
0 0 0.0022 0.0072 0.0182 0.032 0.0544 0.0876 0.1212 0.1604 0.2086 0.2592 0.3116 0.371 0.4298 0.4932 0.5528 0.6078 0.663 0.7128 0.7622 0.798 0.8322 0.8612 0.8884 0.912 0.9294 0.9464 0.9584 0.969 0.977 0.9804 0.9854 0.9892 0.9932 0.995 0.9972 0.999 0.9996 1 1 
0 0 0.0026 0.0088 0.0214 0.0376 0.0652 0.1008 0.14 0.185 0.2392 0.2952 0.3516 0.4114 0.4734 0.5366 0.5972 0.651 0.7044 0.7512 0.7986 0.8334 0.8644 0.8908 0.9136 0.934 0.9476 0.9608 0.9692 0.9772 0.9834 0.9862 0.9904 0.993 0.9956 0.9966 0.998 0.9996 1 1 1 
0 0 0.0032 0.0108 0.0252 0.0442 0.0754 0.113 0.1566 0.2052 0.2648 0.3242 0.3842 0.4478 0.5124 0.5748 0.6384 0.6932 0.7466 0.792 0.8338 0.8612 0.8886 0.9136 0.9326 0.9484 0.9596 0.9696 0.9772 0.9838 0.9892 0.9912 0.9934 0.9958 0.9976 0.9978 0.9988 0.9998 1 1 1 
0 0 0.0042 0.012 0.0294 0.0508 0.0874 0.1284 0.1768 0.23 0.2938 0.359 0.4218 0.4846 0.549 0.6126 0.6766 0.7278 0.7776 0.8216 0.856 0.8808 0.9068 0.9274 0.9448 0.9588 0.9678 0.9766 0.9828 0.9872 0.9914 0.993 0.995 0.9966 0.9978 0.9982 0.999 0.9998 1 1 1 
0 0 0.0048 0.014 0.0328 0.0588 0.0996 0.149 0.203 0.2622 0.3288 0.396 0.4628 0.527 0.5934 0.6562 0.7152 0.7644 0.8104 0.8498 0.8806 0.9034 0.926 0.943 0.9574 0.9694 0.976 0.9826 0.9864 0.9898 0.9938 0.9952 0.997 0.9982 0.9992 0.9994 0.9998 1 1 1 1 
0 0 0.0052 0.017 0.0392 0.0712 0.116 0.1704 0.2284 0.2928 0.3636 0.4322 0.5028 0.5692 0.6344 0.6964 0.754 0.8028 0.8456 0.8812 0.9066 0.9248 0.9442 0.9566 0.9684 0.9786 0.9834 0.9872 0.9904 0.9926 0.9954 0.9962 0.9976 0.9986 0.9996 0.9996 0.9998 1 1 1 1 
0 0 0.0054 0.018 0.044 0.081 0.1334 0.1912 0.2534 0.3238 0.3968 0.4686 0.5416 0.608 0.6738 0.7348 0.789 0.834 0.8712 0.9032 0.9252 0.9406 0.9578 0.9682 0.9772 0.9848 0.9888 0.9914 0.9934 0.9948 0.997 0.9976 0.9984 0.999 0.9996 0.9996 0.9998 1 1 1 1 
0 0 0.0062 0.0192 0.0482 0.0906 0.1498 0.2134 0.2812 0.3602 0.4362 0.51 0.5828 0.6496 0.7124 0.7702 0.8204 0.8622 0.8946 0.9214 0.94 0.9538 0.9672 0.9756 0.9826 0.9894 0.993 0.995 0.9958 0.997 0.9976 0.998 0.9986 0.9992 0.9996 0.9996 0.9998 1 1 1 1 
0 0 0.0072 0.022 0.0534 0.1008 0.166 0.2368 0.3084 0.3904 0.4682 0.547 0.6202 0.686 0.7478 0.8026 0.8502 0.8888 0.9172 0.9404 0.9552 0.9662 0.977 0.9834 0.9886 0.993 0.9956 0.997 0.9978 0.9988 0.9992 0.9994 0.9996 0.9998 1 1 1 1 1 1 1 
0 0 0.0084 0.026 0.06 0.112 0.183 0.262 0.3408 0.4278 0.512 0.591 0.6618 0.7242 0.7828 0.8326 0.8748 0.9088 0.9332 0.953 0.9642 0.9734 0.982 0.9868 0.9914 0.9946 0.997 0.9982 0.999 0.9994 0.9994 0.9996 0.9998 0.9998 1 1 1 1 1 1 1 
0 0 0.0094 0.0296 0.0682 0.126 0.2044 0.2878 0.3724 0.4656 0.5532 0.6334 0.7036 0.7612 0.8176 0.8634 0.9006 0.9276 0.9496 0.9668 0.9754 0.9826 0.9884 0.9924 0.995 0.9966 0.9984 0.9994 0.9998 1 1 1 1 1 1 1 1 1 1 1 1 
0 0 0.0112 0.0352 0.0782 0.1444 0.2312 0.323 0.4128 0.5078 0.5978 0.676 0.7454 0.7984 0.8494 0.891 0.9244 0.9472 0.964 0.9764 0.983 0.9884 0.9916 0.9948 0.9968 0.998 0.9992 0.9994 0.9998 1 1 1 1 1 1 1 1 1 1 1 1 
0 0 0.0136 0.041 0.09 0.1632 0.2574 0.3524 0.4492 0.548 0.6396 0.716 0.7814 0.8316 0.8784 0.9138 0.9412 0.9602 0.9754 0.9842 0.9894 0.9932 0.9958 0.9974 0.9988 0.9996 1 1 1 1 1 1 1 1 1 1 1 1 1 1 1 
