0 0 0 0 0 0 0 0 0 0 0 0 0 0 0 0 0 0 0 0 0 0 0 0 0 0 0 0 0 0 0 0 0 0 0 0 0 0 0 0 0 
0 0 0 0 0 0 0 0 0 0 0 0 0 0 0 0 0 0 0 0 0 0 0 0.001 0.001 0.001 0.001 0.002 0.002 0.004 0.007 0.009 0.011 0.011 0.015 0.018 0.02 0.028 0.04 0.051 0.061 
0 0 0 0 0 0 0 0 0 0 0 0 0 0 0 0 0 0 0.001 0.002 0.002 0.003 0.004 0.005 0.006 0.007 0.007 0.008 0.009 0.012 0.016 0.019 0.025 0.03 0.039 0.05 0.057 0.076 0.101 0.123 0.144 
0 0 0 0 0 0 0 0 0 0 0 0 0.001 0.001 0.001 0.001 0.001 0.001 0.002 0.003 0.004 0.006 0.007 0.008 0.01 0.015 0.015 0.02 0.025 0.03 0.036 0.044 0.054 0.062 0.076 0.09 0.107 0.141 0.181 0.215 0.245 
0 0 0 0 0 0 0.001 0.001 0.001 0.001 0.001 0.001 0.002 0.002 0.002 0.003 0.004 0.005 0.006 0.007 0.008 0.011 0.015 0.017 0.02 0.027 0.029 0.036 0.044 0.051 0.063 0.071 0.08 0.093 0.11 0.128 0.153 0.191 0.238 0.288 0.335 
0 0 0 0 0 0 0.001 0.001 0.002 0.002 0.002 0.002 0.003 0.003 0.003 0.004 0.006 0.007 0.009 0.011 0.013 0.017 0.022 0.026 0.034 0.041 0.048 0.058 0.07 0.081 0.096 0.107 0.119 0.14 0.162 0.189 0.222 0.272 0.333 0.385 0.447 
0 0 0 0 0 0 0.001 0.001 0.002 0.002 0.002 0.002 0.004 0.004 0.005 0.006 0.009 0.011 0.014 0.017 0.02 0.025 0.032 0.037 0.045 0.052 0.064 0.077 0.092 0.106 0.125 0.136 0.153 0.179 0.209 0.244 0.283 0.341 0.415 0.478 0.538 
0 0 0 0 0 0 0.001 0.001 0.002 0.002 0.002 0.002 0.004 0.004 0.006 0.007 0.01 0.013 0.016 0.022 0.025 0.032 0.041 0.048 0.062 0.071 0.085 0.106 0.126 0.143 0.17 0.187 0.208 0.243 0.285 0.323 0.362 0.428 0.5 0.566 0.625 
0 0 0 0 0 0 0.001 0.003 0.004 0.004 0.007 0.007 0.009 0.009 0.013 0.016 0.019 0.023 0.03 0.037 0.046 0.051 0.064 0.073 0.094 0.111 0.129 0.158 0.184 0.206 0.238 0.257 0.282 0.319 0.365 0.407 0.449 0.509 0.572 0.641 0.7 
0 0 0 0 0 0 0.001 0.003 0.004 0.004 0.007 0.007 0.009 0.01 0.016 0.019 0.023 0.029 0.038 0.047 0.058 0.065 0.08 0.095 0.119 0.144 0.166 0.203 0.231 0.255 0.294 0.318 0.353 0.397 0.443 0.49 0.531 0.596 0.65 0.709 0.763 
0 0 0 0 0 0 0.002 0.006 0.008 0.008 0.011 0.013 0.016 0.02 0.026 0.028 0.035 0.045 0.058 0.07 0.081 0.091 0.109 0.129 0.154 0.185 0.21 0.252 0.284 0.31 0.348 0.378 0.418 0.465 0.51 0.558 0.599 0.657 0.71 0.765 0.818 
0 0 0 0 0.001 0.001 0.003 0.008 0.01 0.011 0.014 0.016 0.02 0.025 0.031 0.036 0.046 0.058 0.076 0.094 0.107 0.117 0.136 0.162 0.19 0.221 0.252 0.297 0.329 0.355 0.394 0.43 0.468 0.521 0.571 0.62 0.661 0.714 0.761 0.814 0.864 
0 0 0 0.001 0.002 0.003 0.005 0.01 0.014 0.018 0.021 0.023 0.028 0.033 0.04 0.048 0.06 0.075 0.093 0.117 0.129 0.144 0.165 0.202 0.24 0.273 0.306 0.354 0.386 0.417 0.459 0.495 0.53 0.581 0.633 0.686 0.729 0.775 0.821 0.862 0.905 
0 0 0 0.001 0.002 0.003 0.005 0.01 0.015 0.019 0.022 0.025 0.033 0.038 0.046 0.054 0.068 0.088 0.112 0.138 0.154 0.171 0.197 0.234 0.277 0.319 0.352 0.406 0.443 0.477 0.516 0.559 0.593 0.637 0.683 0.733 0.774 0.815 0.858 0.894 0.927 
0 0 0.001 0.002 0.003 0.004 0.008 0.013 0.017 0.022 0.025 0.03 0.038 0.045 0.056 0.069 0.086 0.111 0.139 0.168 0.184 0.207 0.237 0.275 0.329 0.368 0.4 0.451 0.491 0.526 0.565 0.605 0.644 0.683 0.724 0.778 0.815 0.852 0.892 0.923 0.951 
0 0 0.001 0.002 0.003 0.004 0.009 0.016 0.019 0.025 0.031 0.038 0.048 0.06 0.074 0.089 0.107 0.135 0.162 0.196 0.214 0.24 0.273 0.317 0.37 0.409 0.448 0.499 0.535 0.571 0.606 0.647 0.687 0.73 0.768 0.812 0.846 0.882 0.919 0.945 0.968 
0 0 0.001 0.002 0.003 0.005 0.01 0.02 0.023 0.031 0.04 0.051 0.062 0.072 0.088 0.103 0.124 0.158 0.189 0.226 0.248 0.278 0.316 0.366 0.424 0.467 0.505 0.56 0.595 0.633 0.665 0.704 0.741 0.783 0.813 0.856 0.885 0.909 0.942 0.96 0.977 
0 0 0.001 0.002 0.003 0.005 0.01 0.02 0.023 0.032 0.043 0.054 0.066 0.083 0.102 0.119 0.141 0.177 0.217 0.256 0.281 0.318 0.363 0.414 0.473 0.518 0.557 0.608 0.647 0.683 0.713 0.75 0.784 0.82 0.85 0.885 0.909 0.932 0.957 0.971 0.983 
0 0 0.002 0.003 0.004 0.006 0.011 0.023 0.026 0.037 0.052 0.064 0.078 0.101 0.125 0.145 0.171 0.209 0.251 0.294 0.323 0.366 0.417 0.468 0.525 0.573 0.613 0.663 0.698 0.732 0.763 0.797 0.832 0.862 0.884 0.912 0.934 0.956 0.976 0.984 0.993 
0 0 0.002 0.003 0.005 0.007 0.014 0.026 0.031 0.047 0.062 0.074 0.09 0.118 0.145 0.167 0.198 0.242 0.288 0.336 0.37 0.416 0.468 0.518 0.576 0.625 0.665 0.712 0.749 0.776 0.805 0.838 0.87 0.893 0.917 0.937 0.954 0.971 0.986 0.991 0.996 
0 0 0.002 0.003 0.006 0.008 0.018 0.03 0.038 0.056 0.072 0.089 0.108 0.14 0.171 0.2 0.234 0.284 0.333 0.379 0.417 0.461 0.513 0.563 0.621 0.671 0.712 0.756 0.794 0.819 0.844 0.872 0.901 0.92 0.939 0.953 0.965 0.978 0.989 0.992 0.996 
0 0 0.002 0.004 0.008 0.01 0.022 0.035 0.045 0.065 0.085 0.103 0.123 0.159 0.194 0.225 0.261 0.313 0.366 0.414 0.458 0.504 0.552 0.602 0.658 0.709 0.752 0.793 0.831 0.856 0.874 0.899 0.925 0.94 0.957 0.968 0.978 0.988 0.996 0.998 0.999 
0 0 0.002 0.004 0.009 0.014 0.026 0.042 0.054 0.078 0.104 0.128 0.152 0.192 0.232 0.27 0.309 0.36 0.417 0.469 0.52 0.557 0.607 0.656 0.702 0.756 0.795 0.831 0.863 0.881 0.896 0.92 0.938 0.951 0.964 0.971 0.98 0.99 0.997 0.999 1 
0 0 0.002 0.004 0.009 0.016 0.029 0.049 0.062 0.089 0.12 0.15 0.175 0.217 0.262 0.304 0.346 0.4 0.457 0.513 0.566 0.603 0.652 0.7 0.743 0.795 0.83 0.86 0.885 0.9 0.913 0.932 0.947 0.96 0.973 0.979 0.986 0.991 0.997 0.999 1 
0 0 0.003 0.005 0.011 0.017 0.03 0.056 0.072 0.101 0.137 0.174 0.202 0.25 0.296 0.348 0.395 0.446 0.506 0.558 0.61 0.643 0.687 0.739 0.778 0.825 0.852 0.876 0.898 0.912 0.926 0.942 0.956 0.97 0.98 0.984 0.991 0.995 0.997 0.999 1 
0 0 0.003 0.007 0.013 0.021 0.036 0.064 0.083 0.116 0.154 0.193 0.222 0.272 0.325 0.379 0.428 0.479 0.543 0.597 0.647 0.68 0.725 0.771 0.807 0.851 0.875 0.896 0.914 0.926 0.938 0.952 0.966 0.975 0.985 0.988 0.993 0.997 0.997 0.999 1 
0 0 0.005 0.009 0.017 0.026 0.041 0.071 0.094 0.131 0.17 0.216 0.255 0.307 0.365 0.425 0.477 0.534 0.595 0.642 0.684 0.721 0.762 0.805 0.832 0.868 0.89 0.907 0.925 0.935 0.946 0.958 0.97 0.978 0.986 0.99 0.994 0.998 0.998 0.999 1 
0 0 0.005 0.011 0.022 0.034 0.051 0.083 0.111 0.147 0.191 0.237 0.281 0.344 0.403 0.464 0.519 0.572 0.634 0.678 0.724 0.758 0.798 0.835 0.863 0.894 0.913 0.926 0.941 0.949 0.959 0.968 0.977 0.982 0.989 0.993 0.997 0.999 0.999 1 1 
0 0 0.005 0.012 0.025 0.041 0.06 0.094 0.127 0.164 0.215 0.266 0.319 0.387 0.447 0.51 0.564 0.616 0.677 0.717 0.763 0.795 0.825 0.858 0.885 0.909 0.93 0.941 0.955 0.959 0.967 0.974 0.982 0.987 0.992 0.994 0.997 0.999 0.999 1 1 
0 0 0.005 0.013 0.028 0.044 0.066 0.104 0.145 0.187 0.241 0.303 0.363 0.43 0.495 0.557 0.612 0.659 0.718 0.756 0.799 0.825 0.85 0.885 0.91 0.93 0.946 0.953 0.962 0.967 0.974 0.979 0.987 0.992 0.995 0.997 0.998 1 1 1 1 
0 0 0.005 0.014 0.03 0.047 0.07 0.11 0.16 0.206 0.265 0.334 0.397 0.466 0.533 0.593 0.653 0.699 0.752 0.788 0.832 0.853 0.875 0.909 0.927 0.945 0.959 0.966 0.974 0.976 0.982 0.986 0.99 0.994 0.996 0.997 0.998 1 1 1 1 
0 0 0.008 0.017 0.036 0.055 0.087 0.127 0.183 0.234 0.297 0.373 0.433 0.506 0.578 0.639 0.697 0.741 0.79 0.822 0.859 0.875 0.898 0.926 0.943 0.958 0.966 0.971 0.979 0.98 0.985 0.988 0.992 0.994 0.996 0.997 0.998 1 1 1 1 
0 0 0.009 0.018 0.04 0.062 0.097 0.148 0.204 0.258 0.325 0.404 0.472 0.541 0.613 0.679 0.731 0.776 0.82 0.847 0.884 0.899 0.918 0.94 0.957 0.97 0.975 0.981 0.984 0.985 0.99 0.993 0.996 0.998 0.999 1 1 1 1 1 1 
0 0 0.011 0.022 0.046 0.074 0.111 0.167 0.225 0.282 0.358 0.43 0.503 0.577 0.651 0.721 0.766 0.813 0.852 0.876 0.91 0.926 0.941 0.956 0.967 0.979 0.982 0.986 0.989 0.99 0.993 0.994 0.997 0.999 1 1 1 1 1 1 1 
0 0 0.012 0.023 0.051 0.087 0.134 0.193 0.254 0.321 0.395 0.469 0.542 0.614 0.691 0.762 0.805 0.842 0.878 0.9 0.927 0.941 0.953 0.964 0.973 0.983 0.985 0.989 0.991 0.992 0.995 0.996 0.998 0.999 1 1 1 1 1 1 1 
0 0 0.012 0.024 0.056 0.098 0.153 0.215 0.283 0.36 0.437 0.513 0.595 0.667 0.741 0.801 0.843 0.874 0.902 0.918 0.943 0.955 0.961 0.971 0.979 0.987 0.989 0.993 0.994 0.994 0.996 0.998 0.999 1 1 1 1 1 1 1 1 
0 0 0.014 0.027 0.061 0.11 0.174 0.243 0.313 0.389 0.469 0.554 0.636 0.703 0.777 0.831 0.87 0.902 0.926 0.937 0.957 0.967 0.973 0.981 0.986 0.991 0.993 0.995 0.996 0.996 0.998 0.999 1 1 1 1 1 1 1 1 1 
0 0 0.014 0.031 0.065 0.122 0.19 0.265 0.348 0.43 0.515 0.599 0.676 0.745 0.809 0.855 0.892 0.923 0.944 0.955 0.968 0.975 0.98 0.986 0.99 0.993 0.995 0.997 0.998 0.998 0.998 0.999 1 1 1 1 1 1 1 1 1 
0 0 0.015 0.033 0.075 0.137 0.215 0.291 0.377 0.468 0.561 0.646 0.722 0.784 0.846 0.888 0.919 0.939 0.958 0.969 0.978 0.984 0.988 0.992 0.993 0.995 0.997 0.999 1 1 1 1 1 1 1 1 1 1 1 1 1 
0 0 0.016 0.041 0.088 0.155 0.243 0.328 0.415 0.51 0.608 0.69 0.764 0.82 0.874 0.907 0.935 0.955 0.968 0.976 0.983 0.987 0.991 0.995 0.996 0.997 0.998 0.999 1 1 1 1 1 1 1 1 1 1 1 1 1 
0 0 0.017 0.044 0.1 0.173 0.273 0.355 0.449 0.543 0.644 0.727 0.794 0.846 0.895 0.926 0.95 0.967 0.981 0.988 0.992 0.996 0.998 0.999 1 1 1 1 1 1 1 1 1 1 1 1 1 1 1 1 1 
