0 0 0 0 0 0 0 0 0 0 0 0 0 0 0 0 0 0 0 0.0002 0.0006 0.0006 0.0008 0.0012 0.0014 0.0028 0.004 0.0056 0.008 0.0116 0.0148 0.0202 0.0284 0.0372 0.0462 0.0574 0.0722 0.0874 0.1058 0.1262 0.1446 0.1698 0.1958 0.226 0.2646 0.3012 0.342 0.3766 0.4172 0.456 0.4962 0.5402 0.5892 0.638 0.695 0.746 0.8032 0.8512 0.903 0.9516 1 
0 0 0 0 0 0 0 0 0 0 0 0 0.0002 0.0002 0.0002 0.0002 0.0002 0.0004 0.001 0.0016 0.0024 0.0028 0.0038 0.0054 0.0074 0.0114 0.0148 0.0194 0.0252 0.0326 0.0398 0.0494 0.062 0.0766 0.0908 0.1084 0.1292 0.152 0.178 0.206 0.2316 0.2616 0.2944 0.331 0.3736 0.414 0.4552 0.4918 0.5306 0.5672 0.6042 0.642 0.6818 0.7236 0.771 0.8138 0.8574 0.8936 0.9312 0.9674 1 
0 0 0 0 0 0 0 0 0.0002 0.0002 0.0002 0.0002 0.0004 0.0006 0.0006 0.0006 0.001 0.0012 0.0022 0.0032 0.0046 0.0068 0.0096 0.0122 0.0156 0.0232 0.0278 0.0342 0.0444 0.057 0.0692 0.0826 0.0996 0.1206 0.14 0.1658 0.1922 0.2212 0.2518 0.2884 0.3212 0.3578 0.3932 0.4342 0.4756 0.5176 0.557 0.5932 0.631 0.664 0.6976 0.73 0.7632 0.7994 0.8378 0.8716 0.9024 0.929 0.9556 0.9808 1 
0 0 0 0 0 0 0 0 0.0004 0.0006 0.0006 0.0006 0.0008 0.0014 0.0014 0.0016 0.0024 0.0028 0.0048 0.0068 0.009 0.013 0.0184 0.024 0.0288 0.0392 0.0464 0.0572 0.0716 0.091 0.1092 0.126 0.1484 0.1752 0.2036 0.2352 0.2702 0.3034 0.3382 0.3816 0.4194 0.4588 0.4964 0.5382 0.5796 0.6176 0.6538 0.6884 0.7232 0.7518 0.78 0.8074 0.8348 0.862 0.8916 0.9178 0.938 0.9548 0.9734 0.9894 1 
0 0 0 0 0 0 0 0 0.0006 0.0008 0.0008 0.0008 0.001 0.0016 0.0016 0.002 0.004 0.0048 0.0074 0.0104 0.0136 0.0184 0.0254 0.035 0.0422 0.0556 0.067 0.0818 0.1038 0.1288 0.1506 0.1738 0.2028 0.2378 0.2716 0.3078 0.3484 0.3862 0.425 0.4706 0.5126 0.552 0.5912 0.6334 0.6718 0.7068 0.7406 0.7712 0.8004 0.823 0.8442 0.8652 0.8868 0.909 0.9316 0.9496 0.9616 0.9718 0.983 0.994 1 
0 0 0 0 0 0 0 0 0.0006 0.001 0.001 0.0014 0.0016 0.0024 0.0028 0.0036 0.006 0.0074 0.0114 0.0156 0.0204 0.0276 0.0358 0.0468 0.0558 0.0732 0.0888 0.1068 0.1318 0.1622 0.1894 0.2178 0.2502 0.2902 0.33 0.3718 0.4198 0.4612 0.5034 0.5486 0.5898 0.6316 0.668 0.7078 0.7466 0.7792 0.8066 0.8312 0.8546 0.8724 0.888 0.9058 0.9226 0.9392 0.9552 0.9656 0.9758 0.9824 0.9882 0.9954 1 
0 0 0 0 0 0 0 0 0.0006 0.001 0.001 0.0014 0.0022 0.0032 0.004 0.0052 0.0082 0.0102 0.0144 0.0204 0.027 0.036 0.0458 0.061 0.0736 0.0962 0.1162 0.1362 0.165 0.2 0.2332 0.2668 0.3034 0.3474 0.3898 0.4354 0.4864 0.5324 0.5772 0.6212 0.6648 0.7042 0.7394 0.7754 0.8102 0.8374 0.8586 0.8798 0.9 0.9152 0.927 0.9386 0.9502 0.9626 0.974 0.9802 0.9858 0.9898 0.9934 0.997 1 
0 0 0 0 0 0 0 0 0.0006 0.001 0.001 0.0016 0.0028 0.004 0.0056 0.0074 0.0112 0.014 0.0196 0.027 0.036 0.0466 0.0582 0.0756 0.0928 0.1182 0.1408 0.1666 0.202 0.241 0.2804 0.3188 0.3602 0.404 0.4472 0.4974 0.5488 0.5954 0.6412 0.6848 0.7264 0.7624 0.7966 0.829 0.8584 0.8822 0.8988 0.9174 0.9324 0.9438 0.9518 0.9608 0.9686 0.9774 0.9854 0.9894 0.9928 0.995 0.9966 0.9984 1 
0 0 0 0 0 0 0 0 0.0006 0.001 0.0014 0.002 0.0036 0.0052 0.007 0.01 0.015 0.0196 0.0264 0.0364 0.0464 0.0608 0.0754 0.0968 0.1156 0.1434 0.1698 0.1994 0.239 0.2832 0.3246 0.3656 0.41 0.456 0.503 0.5546 0.6062 0.6536 0.698 0.7414 0.7782 0.812 0.8446 0.8718 0.8962 0.9158 0.9282 0.9426 0.9548 0.9632 0.9692 0.9762 0.9822 0.9886 0.9926 0.9942 0.9958 0.9968 0.9984 0.9992 1 
0 0 0 0 0 0 0.0002 0.0002 0.001 0.0016 0.0024 0.0032 0.0058 0.0088 0.0116 0.0154 0.0218 0.0282 0.0378 0.0504 0.0628 0.0792 0.0988 0.1238 0.1484 0.1808 0.211 0.245 0.286 0.332 0.3782 0.4234 0.4718 0.5188 0.567 0.6166 0.6668 0.7132 0.7546 0.7948 0.8276 0.8592 0.8852 0.9088 0.9282 0.9444 0.9544 0.9648 0.972 0.9782 0.9822 0.986 0.989 0.9934 0.9956 0.9966 0.998 0.9986 0.9992 0.9998 1 
0 0 0 0 0 0 0.0002 0.0002 0.0012 0.0018 0.0028 0.004 0.007 0.0106 0.0148 0.0192 0.0266 0.0332 0.0438 0.0582 0.0728 0.0934 0.1154 0.1438 0.171 0.2058 0.2378 0.275 0.3192 0.3674 0.4178 0.4636 0.5154 0.5624 0.613 0.6594 0.7072 0.7528 0.7916 0.8296 0.8604 0.888 0.9122 0.9322 0.9474 0.9608 0.97 0.978 0.9824 0.9854 0.9886 0.9916 0.9938 0.9964 0.9976 0.9982 0.9992 0.9998 1 1 1 
0 0 0 0 0 0 0.0002 0.0002 0.0014 0.0024 0.0038 0.005 0.009 0.0128 0.0178 0.0226 0.0308 0.0406 0.0528 0.0684 0.0852 0.109 0.1344 0.1658 0.1974 0.2338 0.2684 0.3076 0.358 0.4088 0.4594 0.5058 0.557 0.605 0.656 0.7026 0.7492 0.7894 0.8252 0.8576 0.8882 0.9128 0.9342 0.9504 0.9632 0.973 0.9788 0.9854 0.989 0.9916 0.994 0.996 0.9974 0.999 0.9994 0.9998 1 1 1 1 1 
0 0 0 0.0002 0.0002 0.0002 0.0004 0.0004 0.0022 0.0036 0.0048 0.0066 0.011 0.016 0.0222 0.0282 0.0376 0.0498 0.0644 0.083 0.102 0.128 0.157 0.1904 0.2236 0.2632 0.3008 0.3412 0.392 0.4432 0.4958 0.5428 0.5962 0.641 0.6902 0.7378 0.7812 0.818 0.8526 0.8804 0.9074 0.9302 0.9482 0.9624 0.9732 0.9814 0.9858 0.9908 0.9934 0.9954 0.997 0.9978 0.9988 0.9994 0.9996 0.9998 1 1 1 1 1 
0 0 0 0.0002 0.0004 0.0008 0.001 0.001 0.0028 0.0042 0.0056 0.0076 0.013 0.0194 0.0264 0.034 0.0448 0.0588 0.0762 0.0964 0.1164 0.1454 0.1764 0.2116 0.2484 0.2886 0.3288 0.3708 0.4222 0.4756 0.5302 0.5772 0.631 0.6722 0.718 0.764 0.8044 0.8392 0.8704 0.8952 0.9204 0.9408 0.957 0.9698 0.979 0.9862 0.9884 0.9924 0.9946 0.996 0.9976 0.9982 0.999 0.9998 0.9998 0.9998 1 1 1 1 1 
0 0 0 0.0002 0.0004 0.0008 0.001 0.0012 0.0034 0.005 0.0066 0.0094 0.0148 0.0218 0.03 0.0378 0.05 0.0654 0.087 0.1088 0.1326 0.164 0.1964 0.2344 0.2724 0.3138 0.3528 0.3948 0.4454 0.4996 0.5566 0.6034 0.658 0.6974 0.7406 0.7864 0.8238 0.8558 0.884 0.9076 0.9292 0.948 0.963 0.9742 0.9818 0.9884 0.9902 0.9936 0.9954 0.9966 0.998 0.9986 0.9994 0.9998 0.9998 0.9998 1 1 1 1 1 
0 0 0 0.0002 0.0004 0.0008 0.001 0.0012 0.0036 0.0056 0.0072 0.0104 0.0166 0.0246 0.0332 0.0416 0.0552 0.0718 0.0966 0.1194 0.1444 0.1772 0.212 0.2506 0.291 0.3354 0.3778 0.4194 0.4694 0.5224 0.5772 0.6234 0.6776 0.715 0.7562 0.8006 0.8364 0.8682 0.8944 0.9164 0.9362 0.9536 0.9664 0.9766 0.9842 0.9898 0.9914 0.9942 0.996 0.997 0.9982 0.9988 0.9994 0.9998 0.9998 0.9998 1 1 1 1 1 
0 0 0 0.0002 0.0004 0.0008 0.0012 0.0014 0.0042 0.0062 0.0088 0.013 0.0194 0.028 0.037 0.0464 0.0606 0.0798 0.1074 0.1308 0.1576 0.1912 0.228 0.2688 0.3108 0.3558 0.3996 0.443 0.4934 0.5444 0.5986 0.642 0.6944 0.7318 0.7718 0.813 0.848 0.878 0.9012 0.9214 0.941 0.9572 0.9692 0.9786 0.986 0.9906 0.9922 0.9944 0.9962 0.997 0.9982 0.9988 0.9994 0.9998 0.9998 0.9998 1 1 1 1 1 
0 0 0 0.0002 0.0004 0.0008 0.0018 0.0022 0.0046 0.0074 0.0106 0.0154 0.0236 0.0328 0.0436 0.054 0.0702 0.0904 0.1184 0.1432 0.172 0.2078 0.245 0.2856 0.3288 0.373 0.4174 0.4618 0.5128 0.5632 0.6164 0.6598 0.7094 0.745 0.7836 0.8236 0.856 0.8858 0.9084 0.9272 0.9458 0.9602 0.9716 0.9804 0.9872 0.9914 0.9928 0.995 0.9962 0.997 0.9982 0.9988 0.9994 0.9998 0.9998 0.9998 1 1 1 1 1 
0 0 0 0.0002 0.0004 0.001 0.002 0.0026 0.005 0.0084 0.0118 0.0172 0.0262 0.0368 0.0484 0.0602 0.0772 0.099 0.1292 0.1546 0.1842 0.2228 0.2614 0.3032 0.346 0.3898 0.4344 0.4796 0.5296 0.5794 0.6308 0.674 0.7226 0.758 0.7954 0.8334 0.8638 0.893 0.9144 0.9318 0.9492 0.963 0.9734 0.9818 0.9878 0.9916 0.993 0.995 0.9962 0.9972 0.9982 0.9988 0.9994 0.9998 0.9998 0.9998 1 1 1 1 1 
0 0 0 0.0002 0.0004 0.001 0.002 0.0028 0.0052 0.0088 0.0124 0.0184 0.0282 0.0396 0.0528 0.0652 0.0836 0.107 0.1386 0.1644 0.195 0.2338 0.2738 0.3162 0.3588 0.402 0.4474 0.492 0.543 0.592 0.6426 0.6856 0.7322 0.766 0.8026 0.8394 0.8682 0.8966 0.9172 0.9342 0.9508 0.964 0.974 0.9824 0.9884 0.9922 0.9934 0.9952 0.9964 0.9972 0.9982 0.9988 0.9994 0.9998 0.9998 0.9998 1 1 1 1 1 
0 0 0 0.0002 0.0006 0.0016 0.0026 0.0034 0.0062 0.0098 0.0136 0.0206 0.0312 0.0434 0.0572 0.071 0.0912 0.1152 0.1482 0.1752 0.2062 0.2452 0.286 0.329 0.3726 0.4148 0.461 0.5064 0.556 0.6044 0.655 0.6958 0.7412 0.7746 0.8104 0.8466 0.8744 0.9012 0.9208 0.9372 0.9526 0.965 0.9742 0.9826 0.9884 0.9922 0.9934 0.9952 0.9964 0.9972 0.9982 0.9988 0.9994 0.9998 0.9998 0.9998 1 1 1 1 1 
