0 0 0 0 0 0 0 0 0 0 0 0 0 0 0 0 0 0 0 0 0 0 0 0 0 0 0 0 0 0 0 0 0 0 0 0 0 0 0 0 0 
0 0 0 0 0 0 0 0 0 0 0 0 0 0 0 0 0 0 0 0 0 0 0 0.002 0.002 0.002 0.002 0.002 0.002 0.004 0.006 0.006 0.006 0.006 0.012 0.018 0.02 0.03 0.044 0.054 0.058 
0 0 0 0 0 0 0 0 0 0 0 0 0 0 0 0 0 0 0.002 0.004 0.004 0.006 0.006 0.008 0.01 0.01 0.01 0.01 0.012 0.016 0.018 0.02 0.024 0.03 0.044 0.056 0.062 0.082 0.11 0.132 0.146 
0 0 0 0 0 0 0 0 0 0 0 0 0 0 0 0 0 0 0.002 0.004 0.006 0.008 0.008 0.01 0.014 0.018 0.018 0.024 0.032 0.04 0.044 0.052 0.06 0.07 0.088 0.102 0.118 0.152 0.192 0.22 0.242 
0 0 0 0 0 0 0.002 0.002 0.002 0.002 0.002 0.002 0.002 0.002 0.002 0.002 0.002 0.004 0.006 0.008 0.01 0.016 0.018 0.022 0.028 0.032 0.036 0.042 0.052 0.06 0.072 0.078 0.084 0.096 0.116 0.134 0.154 0.192 0.242 0.29 0.328 
0 0 0 0 0 0 0.002 0.002 0.002 0.002 0.002 0.002 0.002 0.002 0.002 0.002 0.004 0.006 0.01 0.01 0.012 0.02 0.022 0.026 0.036 0.04 0.052 0.06 0.072 0.086 0.098 0.104 0.112 0.13 0.162 0.184 0.216 0.262 0.324 0.38 0.438 
0 0 0 0 0 0 0.002 0.002 0.002 0.002 0.002 0.002 0.004 0.004 0.004 0.004 0.008 0.012 0.016 0.016 0.02 0.03 0.034 0.04 0.05 0.054 0.07 0.08 0.094 0.112 0.124 0.134 0.148 0.174 0.214 0.246 0.286 0.34 0.416 0.482 0.538 
0 0 0 0 0 0 0.002 0.002 0.002 0.002 0.002 0.002 0.004 0.004 0.006 0.006 0.01 0.016 0.02 0.022 0.026 0.04 0.044 0.052 0.072 0.08 0.1 0.116 0.134 0.152 0.172 0.182 0.202 0.242 0.292 0.322 0.36 0.422 0.49 0.564 0.624 
0 0 0 0 0 0 0.002 0.004 0.004 0.004 0.008 0.008 0.01 0.01 0.014 0.016 0.018 0.026 0.036 0.04 0.054 0.064 0.068 0.074 0.096 0.104 0.13 0.148 0.178 0.2 0.23 0.248 0.268 0.312 0.37 0.404 0.446 0.498 0.564 0.636 0.698 
0 0 0 0 0 0 0.002 0.004 0.004 0.004 0.008 0.008 0.01 0.012 0.016 0.018 0.02 0.03 0.042 0.046 0.06 0.074 0.082 0.096 0.122 0.14 0.172 0.2 0.236 0.26 0.296 0.32 0.35 0.4 0.456 0.498 0.536 0.59 0.65 0.706 0.768 
0 0 0 0 0 0 0.002 0.006 0.006 0.006 0.01 0.012 0.016 0.022 0.026 0.028 0.034 0.048 0.064 0.072 0.086 0.1 0.112 0.136 0.164 0.188 0.218 0.252 0.29 0.316 0.352 0.382 0.416 0.472 0.53 0.572 0.604 0.648 0.706 0.76 0.822 
0 0 0 0 0 0 0.002 0.008 0.008 0.01 0.014 0.016 0.022 0.03 0.034 0.04 0.046 0.062 0.08 0.092 0.108 0.122 0.14 0.17 0.202 0.224 0.258 0.298 0.332 0.36 0.396 0.428 0.464 0.524 0.58 0.624 0.656 0.696 0.75 0.804 0.866 
0 0 0 0 0 0.002 0.004 0.01 0.014 0.022 0.026 0.028 0.034 0.042 0.048 0.056 0.066 0.082 0.098 0.114 0.13 0.148 0.17 0.21 0.248 0.272 0.308 0.354 0.39 0.424 0.462 0.484 0.52 0.572 0.628 0.678 0.718 0.756 0.806 0.85 0.898 
0 0 0 0 0 0.002 0.004 0.01 0.014 0.022 0.028 0.032 0.042 0.05 0.056 0.064 0.076 0.094 0.114 0.132 0.15 0.17 0.2 0.238 0.274 0.304 0.342 0.39 0.432 0.468 0.504 0.534 0.562 0.61 0.662 0.714 0.756 0.792 0.84 0.884 0.92 
0 0 0 0 0 0.002 0.006 0.012 0.016 0.026 0.032 0.038 0.048 0.058 0.066 0.08 0.094 0.118 0.14 0.16 0.178 0.208 0.238 0.284 0.336 0.362 0.402 0.448 0.49 0.53 0.57 0.596 0.632 0.674 0.714 0.77 0.804 0.836 0.88 0.92 0.952 
0 0 0 0 0 0.002 0.006 0.012 0.016 0.028 0.038 0.046 0.058 0.072 0.082 0.094 0.11 0.136 0.158 0.188 0.21 0.242 0.278 0.326 0.372 0.392 0.44 0.484 0.526 0.564 0.6 0.63 0.67 0.718 0.758 0.804 0.836 0.866 0.91 0.944 0.966 
0 0 0 0 0 0.002 0.006 0.016 0.02 0.034 0.048 0.058 0.074 0.084 0.098 0.11 0.126 0.158 0.186 0.218 0.24 0.28 0.322 0.38 0.422 0.452 0.496 0.548 0.588 0.632 0.662 0.692 0.728 0.778 0.806 0.852 0.876 0.902 0.94 0.964 0.98 
0 0 0 0 0 0.002 0.006 0.016 0.02 0.036 0.05 0.06 0.076 0.092 0.114 0.128 0.148 0.182 0.214 0.248 0.27 0.318 0.364 0.422 0.466 0.496 0.55 0.596 0.64 0.682 0.712 0.748 0.778 0.818 0.842 0.884 0.902 0.924 0.954 0.972 0.982 
0 0 0 0 0 0.002 0.006 0.02 0.024 0.044 0.064 0.076 0.096 0.118 0.142 0.16 0.188 0.224 0.254 0.296 0.322 0.378 0.43 0.488 0.524 0.56 0.612 0.652 0.694 0.73 0.762 0.794 0.826 0.862 0.88 0.916 0.934 0.954 0.974 0.984 0.992 
0 0 0 0 0.002 0.004 0.008 0.02 0.026 0.05 0.068 0.082 0.106 0.134 0.16 0.18 0.212 0.256 0.29 0.34 0.37 0.426 0.474 0.528 0.568 0.606 0.656 0.702 0.742 0.768 0.8 0.834 0.864 0.89 0.914 0.936 0.952 0.97 0.986 0.99 0.994 
0 0 0 0 0.002 0.004 0.012 0.024 0.034 0.06 0.074 0.09 0.12 0.156 0.186 0.214 0.25 0.296 0.336 0.382 0.414 0.468 0.516 0.574 0.608 0.646 0.694 0.74 0.784 0.808 0.836 0.866 0.89 0.916 0.932 0.948 0.958 0.976 0.988 0.99 0.994 
0 0 0 0.002 0.006 0.008 0.02 0.034 0.046 0.074 0.094 0.11 0.138 0.178 0.214 0.246 0.282 0.334 0.38 0.428 0.46 0.516 0.566 0.622 0.656 0.702 0.748 0.79 0.832 0.854 0.876 0.9 0.916 0.938 0.954 0.966 0.974 0.988 0.996 0.998 0.998 
0 0 0 0.002 0.008 0.012 0.024 0.042 0.054 0.082 0.11 0.132 0.164 0.208 0.256 0.296 0.332 0.384 0.432 0.486 0.524 0.568 0.62 0.67 0.7 0.75 0.794 0.828 0.864 0.882 0.9 0.92 0.928 0.948 0.962 0.97 0.978 0.992 0.998 1 1 
0 0 0 0.002 0.008 0.016 0.03 0.05 0.064 0.098 0.132 0.16 0.192 0.238 0.29 0.33 0.37 0.424 0.472 0.534 0.578 0.624 0.672 0.722 0.746 0.792 0.832 0.862 0.89 0.904 0.92 0.936 0.94 0.962 0.976 0.982 0.988 0.994 0.998 1 1 
0 0 0.002 0.004 0.012 0.018 0.032 0.056 0.072 0.11 0.146 0.186 0.218 0.268 0.318 0.362 0.41 0.462 0.512 0.57 0.62 0.662 0.704 0.76 0.782 0.824 0.854 0.878 0.9 0.916 0.932 0.946 0.948 0.968 0.98 0.986 0.992 0.996 0.998 1 1 
0 0 0.002 0.004 0.012 0.022 0.038 0.066 0.086 0.13 0.17 0.214 0.246 0.296 0.348 0.396 0.444 0.496 0.546 0.61 0.658 0.696 0.738 0.79 0.812 0.85 0.88 0.9 0.918 0.936 0.948 0.96 0.962 0.974 0.986 0.99 0.994 0.998 0.998 1 1 
0 0 0.002 0.004 0.014 0.026 0.042 0.07 0.09 0.14 0.178 0.228 0.268 0.322 0.38 0.43 0.484 0.546 0.596 0.644 0.686 0.736 0.774 0.824 0.84 0.868 0.894 0.908 0.924 0.938 0.952 0.962 0.964 0.976 0.988 0.994 0.996 1 1 1 1 
0 0 0.002 0.008 0.02 0.038 0.06 0.09 0.112 0.162 0.206 0.254 0.296 0.362 0.424 0.476 0.534 0.588 0.64 0.682 0.724 0.772 0.81 0.858 0.872 0.896 0.92 0.928 0.938 0.95 0.962 0.97 0.97 0.98 0.99 0.996 0.998 1 1 1 1 
0 0 0.002 0.01 0.024 0.046 0.07 0.1 0.128 0.176 0.226 0.278 0.334 0.404 0.468 0.52 0.58 0.63 0.682 0.72 0.766 0.806 0.834 0.874 0.888 0.906 0.932 0.94 0.95 0.956 0.966 0.972 0.972 0.982 0.992 0.996 0.998 1 1 1 1 
0 0 0.002 0.012 0.026 0.048 0.074 0.108 0.138 0.194 0.252 0.314 0.378 0.448 0.516 0.568 0.634 0.682 0.728 0.764 0.814 0.844 0.864 0.908 0.922 0.936 0.952 0.954 0.958 0.964 0.974 0.978 0.98 0.99 0.994 0.998 0.998 1 1 1 1 
0 0 0.002 0.012 0.028 0.05 0.076 0.112 0.148 0.212 0.282 0.344 0.412 0.48 0.552 0.602 0.67 0.72 0.762 0.794 0.844 0.866 0.88 0.922 0.934 0.948 0.964 0.966 0.97 0.972 0.98 0.984 0.984 0.992 0.996 0.998 0.998 1 1 1 1 
0 0 0.006 0.016 0.034 0.06 0.098 0.134 0.178 0.25 0.326 0.396 0.454 0.524 0.598 0.654 0.722 0.772 0.806 0.834 0.874 0.89 0.908 0.94 0.952 0.962 0.972 0.974 0.978 0.978 0.984 0.988 0.988 0.992 0.996 0.998 0.998 1 1 1 1 
0 0 0.008 0.018 0.04 0.07 0.112 0.158 0.198 0.272 0.352 0.426 0.496 0.56 0.636 0.696 0.746 0.794 0.83 0.85 0.894 0.91 0.924 0.952 0.966 0.974 0.98 0.982 0.982 0.982 0.988 0.992 0.992 0.996 0.998 1 1 1 1 1 1 
0 0 0.012 0.022 0.046 0.084 0.126 0.182 0.226 0.302 0.39 0.46 0.528 0.6 0.676 0.748 0.786 0.834 0.862 0.878 0.922 0.94 0.95 0.968 0.98 0.986 0.988 0.99 0.99 0.99 0.992 0.994 0.994 0.998 1 1 1 1 1 1 1 
0 0 0.012 0.022 0.046 0.094 0.15 0.208 0.258 0.34 0.428 0.502 0.564 0.636 0.712 0.788 0.82 0.86 0.886 0.902 0.936 0.95 0.958 0.972 0.984 0.988 0.99 0.992 0.992 0.992 0.994 0.996 0.996 0.998 1 1 1 1 1 1 1 
0 0 0.012 0.024 0.05 0.106 0.166 0.226 0.282 0.372 0.464 0.536 0.612 0.684 0.756 0.824 0.856 0.882 0.902 0.914 0.944 0.956 0.96 0.974 0.984 0.988 0.99 0.992 0.992 0.992 0.994 0.998 0.998 1 1 1 1 1 1 1 1 
0 0 0.016 0.03 0.054 0.124 0.194 0.262 0.318 0.408 0.498 0.578 0.652 0.726 0.798 0.856 0.886 0.914 0.932 0.94 0.96 0.97 0.974 0.982 0.988 0.992 0.994 0.996 0.996 0.996 0.998 1 1 1 1 1 1 1 1 1 1 
0 0 0.016 0.032 0.056 0.136 0.214 0.29 0.358 0.452 0.544 0.62 0.69 0.762 0.828 0.876 0.9 0.922 0.944 0.954 0.966 0.974 0.978 0.986 0.99 0.994 0.996 0.998 0.998 0.998 0.998 1 1 1 1 1 1 1 1 1 1 
0 0 0.018 0.036 0.064 0.152 0.236 0.316 0.394 0.492 0.582 0.658 0.73 0.79 0.852 0.894 0.916 0.934 0.956 0.968 0.976 0.982 0.988 0.992 0.994 0.996 0.998 1 1 1 1 1 1 1 1 1 1 1 1 1 1 
0 0 0.018 0.046 0.076 0.172 0.264 0.35 0.43 0.528 0.622 0.698 0.77 0.828 0.88 0.92 0.94 0.954 0.968 0.976 0.982 0.986 0.992 0.996 0.998 0.998 1 1 1 1 1 1 1 1 1 1 1 1 1 1 1 
0 0 0.02 0.05 0.088 0.188 0.294 0.376 0.46 0.556 0.66 0.738 0.8 0.852 0.898 0.936 0.952 0.964 0.978 0.986 0.99 0.994 0.996 0.998 1 1 1 1 1 1 1 1 1 1 1 1 1 1 1 1 1 
