0 0 0 0 0 0 0 0 0 0 0 0 0 0 0 0 0 0 0 0 0 0 0 0 0 0 0 0 0 0 
0 0 0 0 0 0 0 0 0 0 0 0 0 0 0 0.004 0.004 0.006 0.006 0.01 0.016 0.018 0.018 0.02 0.024 0.026 0.026 0.028 0.03 0.034 
0 0 0 0 0 0 0.002 0.002 0.002 0.002 0.002 0.002 0.004 0.006 0.008 0.012 0.014 0.016 0.018 0.024 0.032 0.034 0.036 0.038 0.048 0.06 0.062 0.066 0.074 0.086 
0 0 0 0 0 0 0.002 0.002 0.002 0.004 0.004 0.004 0.006 0.008 0.01 0.016 0.02 0.028 0.03 0.036 0.044 0.046 0.05 0.054 0.072 0.09 0.098 0.104 0.112 0.126 
0 0 0 0 0 0 0.002 0.002 0.002 0.004 0.004 0.004 0.006 0.008 0.01 0.018 0.022 0.034 0.038 0.046 0.056 0.058 0.064 0.072 0.096 0.12 0.136 0.146 0.158 0.182 
0 0 0 0 0 0 0.002 0.002 0.002 0.008 0.008 0.008 0.01 0.014 0.016 0.024 0.028 0.04 0.05 0.058 0.072 0.078 0.088 0.102 0.134 0.158 0.178 0.192 0.206 0.236 
0 0 0 0 0 0 0.002 0.002 0.002 0.008 0.008 0.008 0.012 0.018 0.02 0.028 0.032 0.048 0.058 0.068 0.082 0.09 0.102 0.122 0.16 0.184 0.208 0.23 0.25 0.294 
0 0 0 0 0 0 0.002 0.002 0.002 0.008 0.008 0.008 0.014 0.02 0.022 0.03 0.036 0.056 0.066 0.082 0.096 0.106 0.12 0.148 0.192 0.222 0.252 0.282 0.314 0.364 
0 0 0 0 0 0 0.002 0.002 0.002 0.008 0.008 0.01 0.02 0.028 0.03 0.04 0.046 0.066 0.078 0.096 0.11 0.124 0.142 0.172 0.222 0.262 0.298 0.338 0.382 0.436 
0 0 0 0 0 0 0.002 0.004 0.004 0.01 0.012 0.014 0.024 0.032 0.038 0.048 0.056 0.078 0.092 0.112 0.13 0.146 0.174 0.208 0.26 0.308 0.342 0.388 0.44 0.508 
0 0 0 0 0 0.002 0.004 0.006 0.006 0.016 0.02 0.022 0.034 0.042 0.048 0.058 0.066 0.09 0.106 0.13 0.148 0.166 0.198 0.24 0.294 0.348 0.39 0.436 0.494 0.57 
0 0 0 0.002 0.002 0.004 0.006 0.008 0.008 0.018 0.022 0.024 0.036 0.048 0.056 0.068 0.08 0.104 0.124 0.148 0.172 0.204 0.25 0.292 0.35 0.416 0.466 0.522 0.594 0.664 
0 0 0 0.004 0.006 0.008 0.012 0.016 0.016 0.026 0.032 0.036 0.048 0.064 0.076 0.1 0.114 0.142 0.162 0.192 0.216 0.252 0.302 0.348 0.41 0.476 0.54 0.604 0.672 0.734 
0 0 0.002 0.008 0.01 0.012 0.018 0.026 0.026 0.04 0.046 0.052 0.064 0.086 0.1 0.13 0.146 0.176 0.202 0.232 0.27 0.314 0.366 0.42 0.48 0.556 0.618 0.68 0.746 0.802 
0 0 0.002 0.008 0.012 0.014 0.026 0.036 0.04 0.056 0.066 0.074 0.088 0.112 0.132 0.164 0.186 0.218 0.256 0.286 0.326 0.372 0.426 0.482 0.558 0.636 0.7 0.766 0.818 0.872 
0 0 0.002 0.008 0.014 0.018 0.032 0.042 0.046 0.064 0.076 0.084 0.104 0.134 0.16 0.2 0.234 0.276 0.316 0.354 0.406 0.454 0.512 0.568 0.632 0.706 0.764 0.822 0.87 0.92 
0 0.002 0.006 0.016 0.022 0.028 0.044 0.054 0.06 0.078 0.09 0.098 0.126 0.162 0.188 0.228 0.26 0.306 0.352 0.398 0.46 0.516 0.578 0.63 0.692 0.76 0.818 0.864 0.904 0.946 
0 0.004 0.014 0.022 0.032 0.038 0.058 0.07 0.078 0.106 0.118 0.134 0.164 0.204 0.234 0.276 0.308 0.356 0.404 0.456 0.516 0.574 0.634 0.688 0.756 0.828 0.872 0.904 0.938 0.964 
0 0.006 0.016 0.024 0.036 0.044 0.068 0.084 0.092 0.122 0.14 0.162 0.194 0.238 0.274 0.322 0.36 0.42 0.466 0.532 0.596 0.658 0.706 0.77 0.83 0.89 0.92 0.944 0.966 0.984 
0 0.008 0.022 0.032 0.046 0.058 0.094 0.116 0.13 0.164 0.184 0.216 0.246 0.294 0.336 0.394 0.44 0.502 0.552 0.612 0.67 0.722 0.772 0.828 0.884 0.93 0.952 0.972 0.986 0.994 
0 0.01 0.026 0.036 0.054 0.07 0.114 0.138 0.158 0.192 0.212 0.25 0.286 0.336 0.394 0.46 0.506 0.562 0.624 0.684 0.75 0.794 0.844 0.888 0.936 0.968 0.976 0.992 0.996 1 
0 0.012 0.036 0.048 0.068 0.086 0.132 0.164 0.186 0.226 0.258 0.29 0.33 0.38 0.444 0.512 0.558 0.616 0.678 0.742 0.802 0.846 0.888 0.924 0.962 0.99 0.996 1 1 1 
0 0.014 0.04 0.058 0.082 0.106 0.156 0.194 0.22 0.272 0.314 0.35 0.4 0.458 0.518 0.588 0.632 0.69 0.746 0.808 0.862 0.892 0.932 0.958 0.976 0.996 1 1 1 1 
0 0.022 0.048 0.066 0.092 0.12 0.17 0.208 0.242 0.296 0.344 0.396 0.452 0.51 0.568 0.64 0.692 0.75 0.8 0.86 0.904 0.926 0.952 0.972 0.982 0.996 1 1 1 1 
0 0.026 0.054 0.078 0.11 0.154 0.206 0.244 0.286 0.342 0.392 0.458 0.516 0.584 0.646 0.712 0.758 0.82 0.882 0.928 0.958 0.974 0.986 0.994 0.998 1 1 1 1 1 
0 0.03 0.062 0.088 0.122 0.17 0.228 0.274 0.322 0.384 0.442 0.514 0.576 0.644 0.708 0.772 0.816 0.876 0.926 0.958 0.974 0.986 0.994 1 1 1 1 1 1 1 
0 0.04 0.078 0.11 0.15 0.2 0.27 0.332 0.39 0.45 0.516 0.6 0.67 0.734 0.79 0.846 0.892 0.934 0.97 0.986 0.996 1 1 1 1 1 1 1 1 1 
0 0.042 0.084 0.122 0.172 0.24 0.316 0.384 0.452 0.518 0.588 0.662 0.742 0.816 0.868 0.912 0.958 0.978 0.992 0.998 1 1 1 1 1 1 1 1 1 1 
0 0.042 0.096 0.142 0.198 0.27 0.348 0.426 0.512 0.578 0.658 0.732 0.806 0.884 0.92 0.942 0.982 0.992 0.996 0.998 1 1 1 1 1 1 1 1 1 1 
