0 0 0 0 0 0 0 0 0 0 0 0 0 0 0 0 0 0 0 0 0 0 0 0 0 0 0 0 0 0 
0 0 0 0 0 0.0001 0.0001 0.0001 0.0002 0.0002 0.0002 0.0004 0.0005 0.0006 0.001 0.0012 0.002 0.0029 0.0038 0.0052 0.0065 0.0083 0.0107 0.0128 0.0149 0.018 0.0219 0.0259 0.0306 0.0344 
0 0 0 0 0 0.0001 0.0003 0.0003 0.0004 0.0004 0.0006 0.0008 0.0012 0.0016 0.0027 0.0037 0.0054 0.0068 0.009 0.0115 0.0142 0.0181 0.0229 0.0277 0.0318 0.0382 0.0451 0.0526 0.0639 0.074 
0 0 0 0 0 0.0001 0.0003 0.0004 0.0005 0.0008 0.001 0.0017 0.0022 0.0028 0.0043 0.0062 0.0088 0.0115 0.0143 0.0175 0.0218 0.0273 0.0336 0.0416 0.0486 0.0578 0.069 0.0818 0.0989 0.1156 
0 0 0 0 0.0001 0.0002 0.0004 0.0006 0.0008 0.0011 0.0017 0.0027 0.0035 0.0044 0.0063 0.0085 0.0124 0.0168 0.0212 0.0257 0.0323 0.0392 0.048 0.0592 0.0696 0.0825 0.0982 0.1168 0.14 0.1645 
0 0 0 0 0.0002 0.0003 0.0005 0.0008 0.0011 0.0016 0.0024 0.0037 0.0047 0.0059 0.0088 0.0119 0.0164 0.0221 0.0285 0.0348 0.0436 0.0535 0.0655 0.0803 0.0944 0.1108 0.1319 0.1567 0.1862 0.2185 
0 0 0 0 0.0002 0.0003 0.0006 0.001 0.0013 0.0019 0.0027 0.0043 0.0058 0.0077 0.0113 0.0155 0.0213 0.0289 0.0372 0.0449 0.0552 0.0672 0.082 0.1008 0.119 0.1396 0.1665 0.1975 0.2337 0.2766 
0 0 0.0001 0.0001 0.0003 0.0004 0.0009 0.0017 0.0021 0.0032 0.0042 0.006 0.0084 0.0109 0.0152 0.0205 0.0276 0.0369 0.0469 0.0567 0.0693 0.0842 0.1018 0.1258 0.1505 0.1758 0.2082 0.247 0.2914 0.3417 
0 0.0001 0.0002 0.0003 0.0005 0.0009 0.0015 0.0027 0.0031 0.0045 0.006 0.0083 0.0118 0.0144 0.0196 0.0262 0.0352 0.0468 0.059 0.0719 0.0876 0.1062 0.1272 0.1561 0.186 0.2169 0.2563 0.3025 0.3542 0.4134 
0 0.0002 0.0007 0.0011 0.0014 0.0021 0.0029 0.0046 0.0057 0.0075 0.01 0.0128 0.017 0.0207 0.028 0.0361 0.0471 0.0603 0.0749 0.0915 0.1104 0.1319 0.1579 0.192 0.2284 0.2666 0.3126 0.3665 0.4249 0.4905 
0 0.0002 0.001 0.0015 0.002 0.0032 0.0041 0.0062 0.0079 0.0104 0.0138 0.0177 0.0236 0.0281 0.0369 0.0468 0.0606 0.0767 0.0941 0.1145 0.1373 0.1642 0.1967 0.2379 0.2797 0.3249 0.3798 0.4392 0.5027 0.5723 
0 0.0004 0.0013 0.0022 0.0029 0.0049 0.0064 0.009 0.0114 0.0147 0.0193 0.025 0.0318 0.0388 0.0496 0.0616 0.0781 0.0965 0.1186 0.1428 0.1704 0.2017 0.2394 0.2859 0.3359 0.386 0.448 0.515 0.5821 0.6539 
0 0.0006 0.0019 0.0032 0.0044 0.0068 0.009 0.0125 0.0156 0.0197 0.0255 0.0325 0.0407 0.0507 0.064 0.0791 0.0977 0.1203 0.1454 0.1748 0.2078 0.2434 0.2865 0.3377 0.393 0.4475 0.5163 0.5874 0.6564 0.7282 
0 0.0007 0.0025 0.0047 0.0065 0.0095 0.0127 0.0169 0.0209 0.0268 0.0337 0.0436 0.0543 0.0673 0.0822 0.1003 0.1217 0.1486 0.1785 0.2105 0.2489 0.2892 0.3364 0.3941 0.4548 0.5145 0.5878 0.6594 0.7292 0.8005 
0 0.0012 0.0033 0.0061 0.0094 0.0133 0.0179 0.0228 0.0284 0.0362 0.0451 0.0564 0.0708 0.0864 0.1048 0.1259 0.1517 0.1833 0.2194 0.2562 0.3005 0.3478 0.4002 0.4626 0.5277 0.5901 0.6654 0.7367 0.8037 0.8661 
0 0.0021 0.005 0.0086 0.0125 0.0175 0.0235 0.0293 0.0364 0.046 0.0566 0.0692 0.0903 0.1105 0.1329 0.1595 0.1905 0.2277 0.2691 0.3096 0.3607 0.4129 0.4704 0.5343 0.6005 0.6641 0.737 0.8025 0.861 0.9132 
0 0.003 0.0069 0.0113 0.017 0.0233 0.0308 0.0385 0.0472 0.0599 0.0725 0.0882 0.1132 0.138 0.1648 0.1974 0.2347 0.2762 0.3247 0.3708 0.4279 0.4837 0.5446 0.6108 0.676 0.7394 0.8077 0.8645 0.913 0.9535 
0 0.004 0.0088 0.0146 0.022 0.0296 0.039 0.0491 0.06 0.0766 0.0938 0.1137 0.1433 0.1733 0.2068 0.2438 0.2856 0.3326 0.387 0.4381 0.498 0.5578 0.6205 0.6848 0.7471 0.806 0.8648 0.9106 0.9477 0.9757 
0 0.0054 0.0116 0.0194 0.0288 0.0379 0.0499 0.063 0.0763 0.0964 0.1173 0.1416 0.1763 0.2108 0.25 0.2936 0.3408 0.3936 0.4518 0.5088 0.5718 0.6326 0.6928 0.7531 0.8106 0.862 0.909 0.944 0.9709 0.9888 
0 0.0064 0.0151 0.0253 0.0372 0.0488 0.0656 0.0829 0.1005 0.1257 0.1513 0.1811 0.2214 0.2603 0.3049 0.3552 0.4074 0.4644 0.5262 0.5838 0.6473 0.7078 0.7639 0.8181 0.8672 0.908 0.9441 0.9702 0.9868 0.9958 
0 0.0087 0.0186 0.0307 0.0462 0.0608 0.0833 0.1041 0.1274 0.1573 0.1871 0.2237 0.2693 0.3153 0.3656 0.4218 0.4792 0.5404 0.6052 0.663 0.7246 0.781 0.8299 0.8767 0.9159 0.9474 0.9707 0.986 0.9945 0.9989 
0 0.01 0.023 0.0376 0.0562 0.0741 0.1005 0.1268 0.1552 0.1908 0.2265 0.266 0.3196 0.3726 0.4278 0.4908 0.5515 0.6154 0.6791 0.7343 0.7924 0.8413 0.8816 0.9218 0.9509 0.9723 0.9871 0.995 0.9987 1 
0 0.0125 0.0283 0.0462 0.0688 0.0909 0.1228 0.1548 0.1904 0.2328 0.2758 0.3218 0.3809 0.4398 0.4991 0.5655 0.6272 0.689 0.7484 0.7998 0.8508 0.8929 0.9246 0.954 0.9738 0.9871 0.9956 0.9988 0.9995 1 
0 0.0157 0.0352 0.0558 0.0818 0.1102 0.1473 0.1847 0.2278 0.2754 0.3242 0.379 0.4436 0.5086 0.5726 0.6394 0.704 0.7622 0.8154 0.8599 0.9001 0.934 0.9564 0.977 0.9879 0.9946 0.9988 0.9995 1 1 
0 0.0186 0.0413 0.0662 0.0988 0.133 0.1758 0.2195 0.2687 0.3239 0.3818 0.4461 0.5182 0.5861 0.6537 0.7196 0.7794 0.8336 0.8793 0.9171 0.9438 0.9661 0.9788 0.9898 0.9956 0.9982 0.9996 0.9998 1 1 
0 0.0219 0.049 0.079 0.118 0.1589 0.2091 0.2605 0.3173 0.3789 0.4473 0.5178 0.5916 0.6606 0.7292 0.7925 0.8463 0.893 0.9289 0.9555 0.9726 0.9863 0.9922 0.9964 0.9985 0.9994 1 1 1 1 
0 0.0259 0.059 0.094 0.1394 0.1855 0.2433 0.303 0.3679 0.4378 0.5145 0.5899 0.6655 0.7341 0.8001 0.8575 0.9031 0.9389 0.9633 0.9801 0.99 0.9964 0.9983 0.9994 1 1 1 1 1 1 
0 0.0302 0.0686 0.1107 0.1637 0.2173 0.2847 0.353 0.4274 0.5054 0.5872 0.6631 0.739 0.8065 0.8652 0.9133 0.947 0.9712 0.9848 0.9933 0.9976 0.9992 0.9997 1 1 1 1 1 1 1 
0 0.0352 0.079 0.1287 0.1903 0.2549 0.3325 0.4109 0.4918 0.5776 0.6618 0.7373 0.8101 0.8712 0.9183 0.9536 0.9779 0.9907 0.9957 0.9983 0.9995 0.9999 1 1 1 1 1 1 1 1 
