0 0 0 0 0 0 0 0 0 0 0 0 0 0 0 0 0 0 0 0 0 0 0 0 0 0 0 0 0 0 0 0 0 0 0 0 0 0 0 0 0 0 0 0 0 0 0 0 0 0 0 
0 0 0 0 0 0 0 0 0 0 0 0 0 0 0.0002 0.0002 0.0002 0.0002 0.0008 0.0014 0.0022 0.0036 0.004 0.0048 0.0056 0.0072 0.0092 0.0128 0.0148 0.0186 0.0218 0.026 0.0292 0.0344 0.0412 0.0492 0.0554 0.0634 0.0724 0.083 0.0932 0.1032 0.115 0.1252 0.1392 0.1532 0.1678 0.184 0.2016 0.2166 0.2352 
0 0 0 0 0 0 0 0 0 0 0 0 0.0002 0.0002 0.0004 0.0006 0.0012 0.0012 0.0018 0.0026 0.0042 0.0068 0.0082 0.0098 0.0118 0.0156 0.0192 0.0256 0.0312 0.0386 0.0456 0.0536 0.0628 0.0728 0.0858 0.0996 0.1126 0.1286 0.1446 0.164 0.1814 0.2006 0.2204 0.2416 0.2664 0.2892 0.3126 0.336 0.3642 0.3894 0.4198 
0 0 0 0 0 0 0 0 0 0 0.0002 0.0002 0.0004 0.0006 0.0008 0.0012 0.002 0.0024 0.0036 0.0048 0.0078 0.0108 0.0134 0.0152 0.019 0.0246 0.0322 0.0418 0.0504 0.0622 0.0738 0.0868 0.1026 0.1196 0.1362 0.1586 0.1786 0.2044 0.2302 0.2572 0.2828 0.3074 0.3318 0.358 0.3888 0.4206 0.4486 0.476 0.51 0.5418 0.5744 
0 0 0 0 0 0 0 0 0.0002 0.0002 0.0004 0.0004 0.0006 0.001 0.0014 0.002 0.0032 0.0042 0.0066 0.0088 0.013 0.0176 0.0212 0.024 0.0302 0.0392 0.0492 0.0618 0.0744 0.0918 0.1072 0.1248 0.1456 0.1694 0.1916 0.22 0.2454 0.2778 0.3074 0.3392 0.3708 0.4002 0.4312 0.4638 0.4994 0.5326 0.5632 0.593 0.628 0.6602 0.6932 
0 0 0 0 0 0 0 0 0.0002 0.0002 0.0004 0.0004 0.0006 0.001 0.0022 0.0032 0.005 0.0064 0.0092 0.0124 0.0184 0.024 0.031 0.0356 0.0442 0.0562 0.0692 0.0852 0.1022 0.125 0.1452 0.1688 0.196 0.2254 0.2554 0.2886 0.3216 0.3568 0.394 0.4306 0.4654 0.4996 0.534 0.5692 0.6014 0.6354 0.6638 0.6928 0.7226 0.7534 0.7846 
0 0 0 0 0 0 0.0002 0.0002 0.0004 0.0006 0.0008 0.0012 0.0014 0.0018 0.003 0.0048 0.0078 0.01 0.014 0.0182 0.0256 0.0326 0.0412 0.0472 0.059 0.0738 0.0918 0.1122 0.1328 0.1616 0.1852 0.2146 0.2478 0.2822 0.3204 0.3572 0.3922 0.4322 0.4738 0.5148 0.5536 0.5896 0.6258 0.659 0.6908 0.7238 0.7494 0.7752 0.8014 0.8262 0.853 
0 0 0 0 0 0.0002 0.0004 0.0004 0.0006 0.0008 0.0012 0.0018 0.0032 0.0044 0.006 0.008 0.0116 0.015 0.0212 0.0266 0.0356 0.045 0.0556 0.0648 0.0796 0.0984 0.1182 0.141 0.1644 0.1988 0.229 0.26 0.2964 0.3364 0.3804 0.4226 0.4618 0.5064 0.5508 0.5938 0.6338 0.6714 0.705 0.7358 0.7652 0.7934 0.8182 0.8418 0.863 0.8834 0.9046 
0 0 0 0 0 0.0002 0.0004 0.0004 0.0008 0.0014 0.0018 0.0028 0.0046 0.0064 0.0088 0.0112 0.0154 0.019 0.0266 0.034 0.0452 0.0576 0.0718 0.085 0.1036 0.1264 0.151 0.1764 0.2044 0.2442 0.2778 0.3128 0.3552 0.4 0.4456 0.4926 0.5352 0.5786 0.624 0.665 0.703 0.7388 0.768 0.7956 0.8234 0.847 0.8686 0.8912 0.9074 0.924 0.9402 
0 0 0 0 0 0.0002 0.0004 0.0006 0.0014 0.002 0.0032 0.005 0.007 0.009 0.0122 0.0154 0.021 0.027 0.0358 0.045 0.0598 0.0744 0.0904 0.1062 0.1292 0.157 0.186 0.2152 0.2508 0.2956 0.334 0.3728 0.4174 0.4644 0.5136 0.5596 0.6056 0.6492 0.6926 0.731 0.7664 0.799 0.8258 0.8482 0.8718 0.8916 0.9082 0.9268 0.9386 0.95 0.962 
0 0 0 0.0002 0.0002 0.0004 0.0006 0.001 0.0022 0.003 0.0042 0.0068 0.0092 0.0122 0.0168 0.0226 0.0306 0.038 0.0494 0.061 0.0786 0.0962 0.1152 0.1344 0.1604 0.1924 0.225 0.2588 0.2978 0.3486 0.3928 0.4356 0.4826 0.531 0.5798 0.6278 0.6744 0.7136 0.7534 0.7872 0.82 0.8478 0.872 0.8912 0.9096 0.9258 0.9398 0.954 0.963 0.9704 0.9786 
0 0 0 0.0002 0.0002 0.0004 0.0006 0.0016 0.003 0.0042 0.006 0.01 0.0128 0.0162 0.0214 0.0284 0.0376 0.0466 0.0612 0.077 0.097 0.1178 0.1394 0.1608 0.1914 0.2276 0.264 0.3028 0.3448 0.3974 0.444 0.4916 0.5396 0.5842 0.633 0.6788 0.7244 0.7644 0.8006 0.8306 0.86 0.884 0.906 0.923 0.9382 0.9502 0.9602 0.9714 0.9766 0.9822 0.9878 
0 0 0 0.0002 0.0002 0.0006 0.0012 0.0024 0.004 0.006 0.0086 0.013 0.0166 0.021 0.0288 0.0366 0.0468 0.0584 0.075 0.094 0.1194 0.145 0.1692 0.1948 0.2292 0.2702 0.3104 0.3544 0.3974 0.4538 0.5026 0.5494 0.598 0.6424 0.6898 0.7318 0.7732 0.8074 0.8396 0.8668 0.8908 0.9114 0.9294 0.944 0.9552 0.964 0.9706 0.979 0.9836 0.9882 0.9928 
0 0 0.0002 0.0004 0.0008 0.0016 0.0028 0.0042 0.0062 0.009 0.013 0.018 0.0242 0.0294 0.039 0.0496 0.061 0.0746 0.0956 0.1168 0.1456 0.1726 0.1998 0.227 0.2656 0.3098 0.3546 0.4012 0.4504 0.5052 0.554 0.6024 0.6482 0.6918 0.7364 0.7772 0.8146 0.8454 0.8736 0.8984 0.9186 0.9354 0.949 0.9612 0.97 0.976 0.9806 0.987 0.9906 0.993 0.9962 
0 0 0.0002 0.0004 0.0008 0.0016 0.0032 0.005 0.0078 0.0116 0.0166 0.0224 0.031 0.0384 0.0504 0.0622 0.0752 0.0916 0.1178 0.144 0.1756 0.2068 0.2366 0.2684 0.3122 0.3568 0.4022 0.451 0.5008 0.5564 0.606 0.6532 0.6958 0.7374 0.7772 0.8154 0.8486 0.8752 0.9004 0.9216 0.94 0.9538 0.9652 0.9744 0.9814 0.9858 0.9892 0.9924 0.995 0.9962 0.9978 
0 0 0.0002 0.0004 0.0008 0.0018 0.0036 0.0058 0.009 0.0136 0.019 0.026 0.037 0.0464 0.0606 0.076 0.0918 0.1102 0.1412 0.1718 0.2092 0.2458 0.2788 0.3138 0.357 0.405 0.4518 0.5012 0.5506 0.6046 0.6536 0.6956 0.7356 0.7768 0.8142 0.8474 0.8772 0.9008 0.9226 0.9402 0.9554 0.967 0.9764 0.9828 0.9882 0.9916 0.9944 0.9964 0.998 0.9988 0.9994 
0 0 0.0004 0.0006 0.001 0.0022 0.0044 0.007 0.011 0.0164 0.0226 0.0304 0.0428 0.0546 0.0708 0.0896 0.1082 0.1306 0.165 0.1986 0.2376 0.2784 0.3164 0.3532 0.4006 0.4494 0.4952 0.5446 0.5956 0.6488 0.6982 0.7388 0.778 0.818 0.8488 0.8778 0.9028 0.9216 0.941 0.9546 0.9654 0.9738 0.9822 0.9878 0.9916 0.994 0.9964 0.9974 0.999 0.9994 1 
0 0 0.0004 0.0008 0.0016 0.003 0.0052 0.0084 0.0136 0.0202 0.027 0.0368 0.0504 0.0652 0.0846 0.105 0.1268 0.1532 0.1914 0.227 0.2702 0.3148 0.355 0.3936 0.443 0.4928 0.5392 0.5876 0.6372 0.688 0.7358 0.7746 0.8096 0.845 0.8726 0.8984 0.9204 0.9362 0.9534 0.966 0.975 0.9828 0.9886 0.9928 0.9948 0.9962 0.998 0.9988 0.9994 0.9996 1 
0 0 0.0006 0.001 0.0018 0.0036 0.0058 0.0108 0.0172 0.025 0.0334 0.0438 0.0598 0.0764 0.0986 0.1222 0.1476 0.1774 0.2174 0.2584 0.3038 0.351 0.3914 0.431 0.4854 0.5366 0.5842 0.6306 0.6772 0.728 0.7704 0.8052 0.8382 0.8696 0.8928 0.9154 0.935 0.9482 0.9628 0.9742 0.9818 0.987 0.9924 0.9958 0.9976 0.9986 0.9992 0.9996 0.9996 0.9998 1 
0 0 0.0008 0.0014 0.0026 0.0054 0.0082 0.0138 0.0212 0.0302 0.0398 0.0514 0.0696 0.0896 0.1146 0.1398 0.168 0.2012 0.2472 0.2892 0.3368 0.384 0.4292 0.4724 0.5258 0.5756 0.6214 0.6654 0.7102 0.7588 0.8006 0.8326 0.8648 0.8918 0.9136 0.9316 0.9484 0.9602 0.9708 0.9802 0.9862 0.991 0.9948 0.9974 0.9986 0.9996 0.9998 1 1 1 1 
0 0 0.001 0.0016 0.0032 0.0064 0.0096 0.0162 0.025 0.035 0.0472 0.0606 0.0816 0.1058 0.1364 0.1638 0.195 0.2306 0.279 0.3238 0.3728 0.421 0.4672 0.5122 0.5638 0.613 0.6588 0.7012 0.7444 0.7892 0.8276 0.855 0.8828 0.9072 0.9262 0.9436 0.9574 0.968 0.9768 0.9858 0.9908 0.994 0.9966 0.9982 0.9994 0.9998 1 1 1 1 1 
0 0 0.001 0.0022 0.0038 0.0082 0.012 0.0194 0.0304 0.0414 0.0554 0.0728 0.0974 0.1252 0.1578 0.189 0.2238 0.264 0.3144 0.3608 0.409 0.4594 0.5076 0.5528 0.6026 0.6494 0.6932 0.7364 0.7758 0.8168 0.8502 0.873 0.898 0.9198 0.9366 0.9518 0.9632 0.9726 0.9806 0.9884 0.9924 0.9954 0.9972 0.9986 0.9994 0.9998 1 1 1 1 1 
0 0 0.001 0.0022 0.0048 0.0094 0.0138 0.0226 0.0348 0.0474 0.0644 0.0838 0.1098 0.141 0.1768 0.211 0.2472 0.2896 0.3424 0.389 0.439 0.49 0.5376 0.5832 0.633 0.6778 0.7202 0.7602 0.7954 0.8336 0.8656 0.8864 0.91 0.9304 0.9446 0.9588 0.969 0.9762 0.9836 0.99 0.9928 0.9956 0.9974 0.9988 0.9994 0.9998 1 1 1 1 1 
0 0 0.0012 0.0028 0.0062 0.0116 0.0174 0.0282 0.0424 0.0574 0.077 0.0978 0.1278 0.1626 0.2008 0.2384 0.277 0.3218 0.375 0.422 0.473 0.5228 0.5704 0.615 0.6624 0.7044 0.7462 0.7832 0.818 0.8536 0.8828 0.9006 0.922 0.9408 0.9536 0.9648 0.9736 0.9804 0.9872 0.9926 0.995 0.9974 0.9988 0.9994 1 1 1 1 1 1 1 
0 0 0.0012 0.0028 0.0066 0.0128 0.0188 0.0316 0.0472 0.0638 0.0858 0.109 0.1418 0.179 0.2208 0.2616 0.3036 0.3516 0.409 0.4566 0.5072 0.5562 0.605 0.6468 0.694 0.7328 0.7736 0.8086 0.8408 0.8714 0.8984 0.915 0.9328 0.949 0.9608 0.97 0.9772 0.9834 0.9884 0.9932 0.9956 0.9978 0.9992 0.9996 1 1 1 1 1 1 1 
0 0 0.0014 0.0034 0.0082 0.015 0.0224 0.0368 0.0536 0.0712 0.096 0.1218 0.157 0.1956 0.2408 0.2838 0.328 0.3762 0.4332 0.4818 0.5344 0.582 0.6298 0.6714 0.7174 0.7554 0.793 0.8256 0.8556 0.8844 0.9084 0.9248 0.9408 0.9552 0.9666 0.9742 0.9804 0.9856 0.9902 0.994 0.9958 0.9978 0.9992 0.9996 1 1 1 1 1 1 1 
0 0 0.0016 0.0038 0.0098 0.0174 0.0256 0.0408 0.0604 0.0802 0.108 0.1362 0.175 0.2148 0.261 0.3034 0.3472 0.3996 0.4568 0.504 0.5564 0.6042 0.6512 0.6918 0.7362 0.772 0.8076 0.8386 0.866 0.8936 0.9158 0.9312 0.9452 0.959 0.9698 0.9764 0.982 0.9866 0.9908 0.9946 0.9962 0.9982 0.9992 0.9996 1 1 1 1 1 1 1 
0 0 0.0018 0.0044 0.0114 0.0198 0.0302 0.0476 0.0694 0.0902 0.1202 0.1522 0.1924 0.2366 0.2848 0.3274 0.3708 0.4244 0.479 0.5256 0.5774 0.6228 0.6682 0.7086 0.7512 0.785 0.8198 0.847 0.8738 0.8994 0.921 0.935 0.9488 0.9612 0.9718 0.978 0.9834 0.9876 0.992 0.9954 0.9968 0.9982 0.9992 0.9996 1 1 1 1 1 1 1 
0 0 0.0022 0.005 0.0124 0.0214 0.0342 0.054 0.0774 0.101 0.1342 0.1684 0.2106 0.255 0.3056 0.3472 0.3908 0.4438 0.4978 0.5444 0.596 0.6402 0.685 0.7234 0.7648 0.7962 0.828 0.8544 0.8792 0.9042 0.9238 0.9374 0.9512 0.9624 0.9724 0.9784 0.9836 0.9878 0.9922 0.9956 0.997 0.9982 0.9992 0.9996 1 1 1 1 1 1 1 
0 0 0.0022 0.006 0.0142 0.0246 0.0386 0.0602 0.0866 0.1128 0.1474 0.1844 0.2274 0.272 0.3236 0.365 0.4098 0.4632 0.516 0.5612 0.6124 0.6564 0.6986 0.7356 0.7754 0.8056 0.8352 0.8604 0.8836 0.9074 0.9264 0.9396 0.953 0.9638 0.9732 0.9792 0.9844 0.9884 0.9926 0.9958 0.9972 0.9984 0.9994 1 1 1 1 1 1 1 1 
0 0 0.0026 0.0068 0.016 0.0276 0.0424 0.0658 0.0954 0.1248 0.1608 0.2004 0.245 0.2902 0.341 0.3826 0.4284 0.482 0.536 0.5798 0.6302 0.6722 0.7138 0.7484 0.7842 0.8124 0.8412 0.865 0.888 0.9108 0.929 0.9418 0.9544 0.9654 0.9742 0.9794 0.9848 0.9884 0.9928 0.9962 0.9972 0.9986 0.9996 1 1 1 1 1 1 1 1 
