0 0 0 0 0 0 0 0 0 0 0 0 0 0 0.0002 0.0004 0.0006 0.0008 0.0028 0.004 0.0064 0.0092 0.0118 0.0192 0.026 0.0336 0.0418 0.0532 0.0672 0.0858 0.108 0.135 0.1672 0.2014 0.2388 0.2838 0.3282 0.3808 0.4254 0.482 0.5398 0.5976 0.6544 0.701 0.7478 0.7886 0.8252 0.8586 0.8876 0.9102 0.9328 0.9494 0.9638 0.974 0.9804 0.9878 0.9928 0.995 0.9966 0.9982 0.9988 0.9996 0.9998 1 1 1 1 1 1 1 1 
0 0 0 0 0 0 0 0 0 0 0 0 0 0 0.0004 0.0008 0.0012 0.0018 0.004 0.0058 0.0086 0.0116 0.0146 0.022 0.0302 0.0394 0.0486 0.0614 0.078 0.0982 0.1228 0.153 0.188 0.2238 0.265 0.3118 0.3594 0.4132 0.4586 0.5168 0.5722 0.6286 0.683 0.7298 0.7734 0.8112 0.8468 0.8776 0.904 0.9254 0.9442 0.9588 0.9716 0.9796 0.9844 0.9906 0.9938 0.9954 0.997 0.9984 0.999 0.9998 1 1 1 1 1 1 1 1 1 
0 0 0 0 0 0 0 0 0 0 0 0 0 0 0.0004 0.0008 0.0012 0.002 0.0052 0.0076 0.012 0.0162 0.021 0.0304 0.04 0.0514 0.0626 0.0772 0.095 0.116 0.1424 0.174 0.21 0.2478 0.2932 0.3444 0.3918 0.4498 0.4958 0.5516 0.6042 0.6622 0.7144 0.7582 0.7978 0.8342 0.8662 0.8952 0.919 0.9378 0.9544 0.966 0.9764 0.9842 0.9878 0.9926 0.9952 0.9964 0.9978 0.9986 0.999 0.9998 1 1 1 1 1 1 1 1 1 
0 0 0 0 0 0 0 0 0 0 0 0 0 0.0002 0.0006 0.001 0.0014 0.0024 0.0058 0.0086 0.0136 0.0186 0.0248 0.0342 0.0448 0.0576 0.071 0.087 0.1064 0.129 0.158 0.1912 0.231 0.2694 0.3152 0.3686 0.4178 0.4774 0.525 0.5804 0.6336 0.687 0.7384 0.7802 0.816 0.849 0.8786 0.9056 0.9288 0.946 0.9604 0.9706 0.9802 0.9864 0.989 0.9934 0.9962 0.9972 0.9982 0.9988 0.9992 0.9998 1 1 1 1 1 1 1 1 1 
0 0 0 0 0 0 0 0 0 0 0.0002 0.0004 0.0004 0.0006 0.001 0.0016 0.0026 0.004 0.0074 0.011 0.0164 0.022 0.0288 0.039 0.0514 0.0658 0.0806 0.0974 0.1188 0.144 0.176 0.2118 0.2548 0.2952 0.3406 0.3948 0.4432 0.5028 0.5496 0.6048 0.6582 0.7088 0.757 0.7978 0.8308 0.8618 0.8896 0.9146 0.9356 0.9516 0.9652 0.9734 0.9816 0.9878 0.9902 0.9942 0.9966 0.9976 0.9984 0.9988 0.9992 0.9998 1 1 1 1 1 1 1 1 1 
0 0 0 0 0 0 0 0 0 0 0.0002 0.0004 0.0004 0.0006 0.001 0.0016 0.003 0.0046 0.0082 0.012 0.0178 0.024 0.0318 0.043 0.0562 0.0714 0.0872 0.107 0.1312 0.1586 0.1928 0.2304 0.2748 0.3158 0.3616 0.418 0.4656 0.5248 0.571 0.6244 0.676 0.725 0.7716 0.8098 0.841 0.8702 0.8966 0.9196 0.9394 0.9548 0.9676 0.976 0.9834 0.989 0.9912 0.9948 0.9966 0.9976 0.9984 0.9988 0.9992 0.9998 1 1 1 1 1 1 1 1 1 
0 0 0 0 0 0 0 0 0 0 0.0002 0.0004 0.0004 0.0006 0.001 0.0016 0.0034 0.0054 0.0092 0.0134 0.0194 0.0262 0.0346 0.0462 0.061 0.0768 0.0938 0.1144 0.14 0.1696 0.2046 0.2434 0.2888 0.3316 0.3788 0.436 0.4852 0.5444 0.5896 0.6418 0.6922 0.7388 0.7838 0.8212 0.8514 0.8774 0.9022 0.9244 0.9436 0.9584 0.9694 0.9774 0.9842 0.9896 0.9918 0.9952 0.997 0.998 0.9986 0.999 0.9992 0.9998 1 1 1 1 1 1 1 1 1 
0 0 0 0 0 0 0 0 0 0 0.0002 0.0004 0.0004 0.0006 0.0012 0.002 0.0038 0.006 0.0098 0.0142 0.0208 0.0282 0.0368 0.0492 0.0646 0.0806 0.0994 0.1206 0.1484 0.1798 0.2152 0.256 0.3024 0.3464 0.393 0.45 0.4996 0.5566 0.6 0.652 0.7002 0.7458 0.7882 0.825 0.8544 0.8798 0.9044 0.9262 0.9448 0.9594 0.9696 0.9776 0.9844 0.9896 0.9918 0.9952 0.997 0.998 0.9986 0.999 0.9992 0.9998 1 1 1 1 1 1 1 1 1 
0 0 0 0 0 0 0 0 0 0 0.0002 0.0004 0.0004 0.0006 0.0014 0.0024 0.0048 0.007 0.0114 0.0158 0.0226 0.0306 0.0394 0.0526 0.0686 0.0856 0.1052 0.1278 0.1556 0.1876 0.2226 0.2634 0.3102 0.3548 0.4016 0.4598 0.5098 0.5654 0.6084 0.6596 0.7056 0.7506 0.7932 0.829 0.858 0.8832 0.9072 0.9288 0.9466 0.961 0.9706 0.978 0.9848 0.9898 0.992 0.9952 0.997 0.998 0.9986 0.999 0.9992 0.9998 1 1 1 1 1 1 1 1 1 
0 0 0 0 0 0 0 0 0 0 0.0004 0.0006 0.0006 0.0008 0.002 0.0032 0.0058 0.0084 0.0132 0.018 0.0252 0.033 0.042 0.0554 0.0718 0.0888 0.1086 0.1316 0.1594 0.1912 0.227 0.2676 0.3148 0.3592 0.406 0.464 0.5132 0.5686 0.6108 0.6616 0.7076 0.7524 0.7948 0.8306 0.8596 0.8846 0.9084 0.93 0.9478 0.9616 0.971 0.9784 0.985 0.9898 0.992 0.9952 0.997 0.998 0.9986 0.999 0.9992 0.9998 1 1 1 1 1 1 1 1 1 
0 0 0 0 0 0 0 0 0 0 0.0004 0.0006 0.0006 0.0008 0.002 0.0032 0.006 0.009 0.0138 0.0186 0.0262 0.0348 0.044 0.0574 0.0742 0.0908 0.1114 0.1348 0.1628 0.1944 0.2298 0.27 0.317 0.3618 0.408 0.466 0.5148 0.5694 0.6116 0.6622 0.7084 0.7528 0.795 0.8308 0.8598 0.8848 0.9086 0.93 0.9478 0.9616 0.971 0.9784 0.985 0.9898 0.992 0.9952 0.997 0.998 0.9986 0.999 0.9992 0.9998 1 1 1 1 1 1 1 1 1 
