0 0 0 0 0 0 0 0 0 0 0 0 0 0 0 0 0 0 0 0 0 0 0 0 0 0 0 0 0 0 
0 0 0 0 0 0 0 0 0 0 0 0.0002 0.0002 0.0004 0.0004 0.0008 0.0016 0.0024 0.0034 0.0054 0.0066 0.008 0.011 0.014 0.0166 0.0194 0.0236 0.0276 0.0324 0.0368 
0 0 0 0 0 0 0.0002 0.0002 0.0002 0.0002 0.0006 0.0008 0.0014 0.002 0.0028 0.0034 0.0052 0.0062 0.0084 0.012 0.0146 0.018 0.023 0.029 0.0344 0.0406 0.047 0.0538 0.0654 0.0768 
0 0 0 0 0 0 0.0002 0.0004 0.0004 0.0008 0.0012 0.002 0.0028 0.0034 0.005 0.0068 0.0096 0.0124 0.0148 0.0196 0.0232 0.0282 0.0344 0.044 0.0524 0.0612 0.0718 0.0842 0.1028 0.1198 
0 0 0 0 0 0 0.0002 0.0006 0.0008 0.0012 0.0016 0.0026 0.0038 0.0048 0.0068 0.0088 0.0128 0.0168 0.0214 0.0272 0.0334 0.04 0.0482 0.062 0.074 0.0866 0.102 0.1214 0.1454 0.1702 
0 0 0 0 0.0002 0.0002 0.0004 0.0008 0.0012 0.002 0.0026 0.004 0.0054 0.0066 0.0094 0.0124 0.0168 0.0222 0.0296 0.038 0.046 0.0558 0.068 0.0862 0.1018 0.1178 0.1388 0.1636 0.1936 0.2278 
0 0 0 0 0.0002 0.0002 0.0004 0.001 0.0014 0.0024 0.003 0.0048 0.0068 0.0088 0.0122 0.0168 0.0226 0.03 0.0388 0.0488 0.058 0.0698 0.0846 0.107 0.1272 0.1478 0.1752 0.207 0.2424 0.2872 
0 0 0 0 0.0002 0.0002 0.0004 0.0012 0.0016 0.0034 0.0044 0.0064 0.0098 0.0124 0.0164 0.0218 0.0292 0.0384 0.049 0.061 0.072 0.0862 0.1032 0.1308 0.1566 0.1824 0.2168 0.2568 0.3004 0.3516 
0 0 0 0.0002 0.0004 0.0006 0.0008 0.002 0.0024 0.0044 0.006 0.0086 0.013 0.0158 0.021 0.0278 0.0374 0.049 0.062 0.076 0.091 0.1096 0.1306 0.162 0.1944 0.2252 0.2662 0.3132 0.363 0.4238 
0 0.0002 0.0004 0.0008 0.001 0.0012 0.0016 0.0034 0.0048 0.0072 0.0094 0.0122 0.0172 0.021 0.028 0.036 0.0472 0.0598 0.0752 0.092 0.1106 0.1316 0.1568 0.194 0.2332 0.271 0.3192 0.3724 0.429 0.4954 
0 0.0002 0.0006 0.001 0.0014 0.0024 0.0028 0.005 0.0068 0.01 0.013 0.017 0.0234 0.0286 0.037 0.0468 0.0612 0.0774 0.096 0.1164 0.1378 0.1642 0.1962 0.2394 0.2832 0.3292 0.3842 0.4438 0.5068 0.5784 
0 0.0006 0.001 0.002 0.0028 0.0048 0.0058 0.0088 0.0112 0.0146 0.0184 0.024 0.0314 0.0398 0.0494 0.0602 0.0778 0.0962 0.1192 0.143 0.17 0.2016 0.2396 0.2878 0.3404 0.393 0.455 0.5232 0.5912 0.6634 
0 0.0008 0.0016 0.0032 0.0044 0.007 0.0092 0.0126 0.0154 0.0194 0.024 0.0308 0.0396 0.051 0.0636 0.078 0.0978 0.1216 0.147 0.1766 0.21 0.2444 0.2882 0.3416 0.3994 0.4554 0.5236 0.5974 0.6678 0.7374 
0 0.0008 0.0026 0.005 0.0072 0.01 0.0126 0.0168 0.0206 0.026 0.0314 0.0412 0.0516 0.0658 0.0798 0.0972 0.1202 0.1496 0.1808 0.2126 0.2518 0.2904 0.3378 0.3972 0.4584 0.5206 0.5914 0.6654 0.737 0.8048 
0 0.0012 0.003 0.0062 0.0102 0.0134 0.0174 0.0222 0.027 0.0336 0.0414 0.0528 0.067 0.083 0.1002 0.1198 0.1474 0.181 0.218 0.254 0.2982 0.3438 0.3952 0.461 0.5288 0.593 0.6666 0.74 0.8088 0.869 
0 0.0018 0.0042 0.0084 0.0132 0.0178 0.023 0.0286 0.0348 0.0428 0.0528 0.066 0.0864 0.1058 0.127 0.1516 0.185 0.223 0.2658 0.3048 0.3562 0.4072 0.4634 0.5306 0.6 0.6654 0.7356 0.8018 0.8644 0.916 
0 0.0026 0.0066 0.0116 0.0176 0.0238 0.031 0.0376 0.0458 0.0574 0.0698 0.0862 0.1112 0.1362 0.1608 0.1916 0.2312 0.272 0.321 0.3642 0.4222 0.4772 0.5366 0.6068 0.6758 0.7396 0.8052 0.863 0.9126 0.9538 
0 0.0034 0.0082 0.0144 0.022 0.0294 0.038 0.0476 0.0578 0.0738 0.0914 0.1114 0.14 0.1714 0.2032 0.238 0.2828 0.33 0.3848 0.4332 0.494 0.5514 0.613 0.6808 0.7464 0.8078 0.8634 0.9094 0.9476 0.9746 
0 0.0046 0.012 0.0202 0.0302 0.0388 0.05 0.0626 0.0748 0.0938 0.117 0.141 0.1748 0.211 0.2498 0.2906 0.3402 0.3916 0.4514 0.5074 0.5698 0.6278 0.6868 0.751 0.8108 0.8644 0.9078 0.9416 0.9702 0.9884 
0 0.006 0.0152 0.0256 0.0386 0.0504 0.0668 0.0834 0.101 0.1252 0.1522 0.1822 0.2208 0.2616 0.3056 0.353 0.4062 0.4648 0.5292 0.5868 0.649 0.7038 0.76 0.8148 0.868 0.9106 0.9432 0.9698 0.9872 0.996 
0 0.0084 0.0184 0.0308 0.0476 0.062 0.0852 0.1056 0.1286 0.1562 0.188 0.2236 0.2678 0.3142 0.364 0.419 0.4774 0.5384 0.6068 0.6652 0.7262 0.7776 0.8264 0.8732 0.9174 0.9496 0.9694 0.9862 0.9942 0.9984 
0 0.01 0.0232 0.0378 0.0568 0.0744 0.1018 0.1278 0.1558 0.1902 0.2292 0.2678 0.321 0.3744 0.4278 0.489 0.5508 0.615 0.6814 0.735 0.7912 0.837 0.878 0.9168 0.9516 0.9754 0.9878 0.9952 0.9988 1 
0 0.0128 0.0288 0.0472 0.071 0.0926 0.125 0.1564 0.1916 0.2334 0.2782 0.3214 0.38 0.4402 0.497 0.5624 0.6248 0.6856 0.7508 0.8008 0.8506 0.8906 0.923 0.9522 0.9748 0.9882 0.9958 0.9988 0.9994 1 
0 0.0172 0.0364 0.0578 0.0854 0.1132 0.1516 0.1876 0.2296 0.2764 0.3264 0.3794 0.4444 0.509 0.5718 0.6354 0.702 0.7604 0.8152 0.8576 0.8978 0.9294 0.954 0.9748 0.9876 0.9952 0.9988 0.9996 1 1 
0 0.0194 0.042 0.067 0.101 0.1362 0.1808 0.2224 0.2712 0.327 0.3842 0.4472 0.5204 0.588 0.6552 0.7172 0.7788 0.831 0.8792 0.9168 0.9446 0.9646 0.979 0.9898 0.996 0.999 0.9994 0.9998 1 1 
0 0.0226 0.0494 0.0796 0.1196 0.1624 0.2132 0.2638 0.3204 0.381 0.4518 0.5216 0.5978 0.6662 0.7342 0.7958 0.8508 0.894 0.9288 0.9558 0.973 0.9854 0.9916 0.9958 0.998 0.9996 1 1 1 1 
0 0.0272 0.0604 0.0952 0.142 0.1902 0.25 0.3098 0.3734 0.4402 0.521 0.5964 0.6732 0.7404 0.8036 0.8586 0.9068 0.9392 0.9628 0.9808 0.9916 0.9964 0.998 0.9992 1 1 1 1 1 1 
0 0.0312 0.0696 0.1122 0.1678 0.222 0.2904 0.359 0.4308 0.5054 0.5908 0.6666 0.7438 0.8112 0.8672 0.915 0.9496 0.9724 0.9852 0.993 0.9976 0.9988 0.9994 1 1 1 1 1 1 1 
0 0.0362 0.081 0.13 0.1942 0.2598 0.3386 0.4196 0.4988 0.5788 0.664 0.74 0.8146 0.8766 0.9198 0.9544 0.9784 0.9902 0.9956 0.9982 0.9998 1 1 1 1 1 1 1 1 1 
